CK	D	LN	LP	
X1	2448.569201	3646.049294	2056.657993	3291.562731
X10	1804.483156	2653.381922	1887.474217	2354.722149
X100	1859.058239	2134.181807	1635.782501	3275.391121
X101	2691.409616	2475.907123	1862.698104	3796.469147
X102	2701.252291	2960.564116	2287.023607	2946.416369
X103	2476.8058	2931.20585	2242.883873	3326.816364
X104	2071.5673	2017.986471	1673.82315	2577.956242
X105	2797.553071	2792.498916	2330.415514	3502.002133
X106	2165.914044	2521.643413	1954.677153	2547.248065
X107	2261.60681	2525.19163	1771.563319	2714.447902
X108	2286.787286	2605.433203	2038.242212	2842.125093
X109	2502.666173	2917.76727	1846.409455	3020.006121
X11	2008.502412	2748.761484	1858.437902	2279.293918
X110	2074.488922	2385.914862	1823.982011	2786.9638
X111	2231.967887	2702.444303	2251.925322	3192.224215
X112	1915.672572	2161.198684	1936.615254	2424.803276
X113	1914.579989	2438.458992	1838.242792	2670.505293
X114	2081.594676	2313.387247	2026.472237	2671.476135
X115	2188.246535	2854.112192	2074.69325	3057.622627
X116	1955.748286	2401.705194	1571.818843	2719.730301
X117	2132.530534	2583.691786	1788.03023	2851.363793
X118	1949.862109	2305.55626	1846.853128	2642.11044
X119	2551.214602	3181.019644	2175.882667	3989.594439
X12	1776.924523	2404.938579	2076.107301	2286.230704
X120	2081.635448	2082.353344	1955.978657	3230.397003
X121	2365.501946	2422.003663	2189.001083	3523.278536
X122	3775.529378	2499.34587	2730.420995	4703.718131
X123	1808.607255	2037.318794	1548.949537	2273.197384
X124	1675.910184	1958.362604	1848.418127	2290.353169
X125	1680.621551	1967.102891	1617.196572	2821.972373
X126	2077.797711	2136.27958	1911.90983	2839.024647
X127	2312.864395	3349.690004	2339.824805	3013.891777
X128	1627.617537	1820.360985	1422.728285	2213.061006
X129	1816.927519	1746.332608	1420.825206	2266.742933
X13	1795.049361	2220.855682	1951.154701	2492.252263
X14	1960.406802	3030.419404	2074.69467	2399.191341
X15	1998.088165	2729.414186	2022.741333	2873.977236
X16	1803.294193	2106.086431	1926.995372	2474.034973
X17	2232.348538	3453.003672	1597.673892	3197.643171
X18	2049.96916	3123.532262	2250.661425	2756.436897
X19	2508.828933	2737.216086	1997.878652	3225.490782
X2	2161.454272	2935.172353	2288.18526	2884.969308
X20	1988.691333	2524.141704	1936.127945	2931.325206
X21	2399.76673	2814.122326	2187.146632	2992.956212
X22	2157.065242	2524.308018	2186.516997	2532.19234
X23	1751.008251	2374.345636	1866.399797	2408.59506
X24	1843.126318	2598.327942	1699.857824	2449.144691
X25	1923.820497	2029.631272	1721.22522	2434.799862
X26	1920.05388	2975.849039	1856.711726	2638.18242
X27	2607.119116	3192.753108	1837.248543	2601.9166
X28	1622.720411	1782.362356	1727.476715	2180.514942
X29	2093.155483	3374.39389	2191.137521	3054.92102
X3	3159.206154	4344.661572	2684.726861	3827.791092
X30	2263.961311	2742.100813	2278.472617	3177.087854
X31	2178.526471	2611.153913	1756.310032	2689.850824
X32	2349.852556	3379.803139	2091.923012	3198.745217
X33	1857.579394	2126.4537	1642.004112	2451.168394
X34	2826.392415	2954.964691	2687.060386	3588.992336
X35	2878.90794	3710.901318	2626.58147	3420.572811
X36	2762.673735	3117.08817	2686.810904	3232.599137
X37	1968.691138	2337.214038	2267.578525	2024.599476
X38	2017.052987	2571.410883	2557.801613	2837.457408
X39	2205.66366	2617.601943	2096.649336	2836.377272
X4	3256.826051	3021.083791	2991.252013	2994.846003
X40	2185.368985	2740.207429	1986.274471	3463.099619
X41	2333.705574	2571.534315	1953.550477	2744.193766
X42	2069.823551	2811.379247	1984.042416	2644.357558
X43	1996.10681	3025.863989	2021.321949	2958.096781
X44	2033.375295	2950.385962	2025.89904	2657.024092
X45	2303.481161	2490.18318	2035.98963	2545.987532
X46	2887.954805	2529.443539	2038.793677	3231.403262
X47	1980.816754	2958.803315	2101.895621	2595.885568
X48	2635.93475	2767.476764	2429.805828	2984.593533
X49	2795.10204	3200.288074	2121.138134	2865.399305
X5	2081.330015	3066.277084	2192.06361	2632.459643
X50	2340.029315	2506.390658	1963.664335	2801.950917
X51	1988.340056	2788.64845	1881.808509	3306.490158
X52	2622.179402	2715.88596	2253.780812	3331.812651
X53	2214.065538	2766.593301	2414.08579	2985.546973
X54	2743.502096	2650.527277	2035.507482	2676.885314
X55	1922.991097	2734.336058	2496.737106	3372.344263
X56	2741.538606	3058.687542	2647.667776	3365.855076
X57	2249.185694	2976.730674	2449.205673	3000.209363
X58	2264.239692	2638.538539	2370.451649	3087.608992
X59	2227.833702	3498.937362	2417.867811	3276.060781
X6	2229.465556	3651.820759	1999.489092	2665.84026
X60	2728.464351	2576.639054	2530.741518	3081.254109
X61	2917.951065	2862.894468	2044.469734	3061.329824
X62	2660.067889	3079.481152	1921.55645	2665.664845
X63	2276.825243	2604.180339	2646.764334	3747.536285
X64	2621.725663	2770.17771	2524.219034	3115.623395
X65	2331.225546	3052.131738	2158.409398	3319.181648
X66	3125.565394	2604.866717	2015.586994	3081.112322
X67	2803.527051	3110.603228	2209.094832	2834.781992
X68	1808.678568	2341.838087	1753.72679	2113.936328
X69	2199.28361	3217.781065	2415.907566	3074.186088
X7	2102.475872	3326.073932	1961.23201	3039.274754
X70	2152.974739	2240.761605	1542.498232	2738.858446
X71	2370.556227	2747.01483	2043.613857	2923.780746
X72	2203.38863	2559.618902	2374.635659	2563.203085
X73	2839.090988	3618.9715	2519.619067	3432.666313
X74	3038.384396	3154.548806	2846.106731	3740.607646
X75	2232.73725	2887.023556	1998.278301	2945.913569
X76	2828.307712	2775.404469	2398.050787	2988.138408
X77	2252.485708	2686.857297	2092.746529	3124.861146
X78	2318.138936	2169.109059	1770.300449	2829.796039
X79	1944.870274	2424.944058	1577.28476	2792.644978
X8	2863.726202	2894.360674	2393.026871	2755.195325
X80	2843.353868	2684.676919	2460.783924	3650.933858
X81	3056.536789	3195.111524	2071.966411	3117.925251
X82	2421.917274	2791.021644	2310.08925	3223.01891
X83	1817.295907	2493.263179	1399.321511	2222.115042
X84	2246.577895	3103.166549	1994.589202	2439.198269
X85	2570.767392	2577.471687	1958.697961	2465.131071
X86	2752.947293	2887.406738	2174.050084	3023.878455
X87	2539.28105	2850.43779	2348.109057	3337.729802
X88	2211.18685	3245.421725	1965.550679	3274.380131
X89	2522.406424	2982.983417	2017.569255	3194.546111
X9	2723.964939	2755.609793	2077.217333	2648.151207
X90	2496.681585	2534.196254	1902.850189	2615.770024
X91	2509.020026	2013.60823	2316.131811	2952.136865
X92	2297.750386	2766.967841	1747.267742	2635.718472
X93	1871.484291	2574.547559	2275.25715	2272.564399
X94	2160.053583	2032.626951	2406.271263	2770.394243
X95	1868.839439	2699.947966	2196.30072	2636.066422
X96	2566.565961	2293.692961	1946.252729	2751.657113
X97	2362.870764	2574.175092	1970.968913	3326.330738
X98	2753.940253	3128.812512	2658.287906	3651.540396
X99	2818.68522	3129.419342	2447.797968	3547.252298
