CK	D	LN	LP	
X1	6.680288056	4.1499	7.302387169	6.451650494
X10	8.2273052	4.453	7.561786795	7.325517889
X100	5.603154723	4.5413	5.512898313	4.400575411
X101	7.918092271	4.255966667	7.877048172	8.251524588
X102	7.127592271	4.7626	6.812366667	7.104674588
X103	7.694065913	4.3725	6.2661	6.317229254
X104	7.948692271	4.8705	11.12513333	5.391174588
X105	5.423338534	4.2801	4.481486795	4.804684556
X106	7.5078052	5.535633333	7.458136795	6.559251222
X107	7.921699247	5.505995518	7.178866667	6.773429254
X108	7.2693052	5.376733333	3.870848639	7.494351222
X109	7.176350755	5.089195518	7.246048298	6.288129254
X11	7.030033111	3.84119522	5.338748639	6.237951222
X110	5.857521389	3.713545327	5.971333333	5.633600494
X111	9.235921389	6.3686	8.350333333	6.662300494
X112	6.700065913	3.784166667	7.380833333	4.411979254
X113	6.615871867	4.096733333	6.236	5.15791406
X114	7.641892271	5.572695207	5.7617	6.307791641
X115	6.355584069	4.001395327	5.927848313	5.468742077
X116	7.66373258	6.9757	7.199398298	7.293894703
X117	5.401892271	4.602566667	6.052748172	6.419374588
X118	7.84773258	4.4673	4.732	5.76806137
X119	5.168899247	3.073966667	6.6176	3.650928036
X12	7.386525605	5.377495207	5.80213723	6.583324588
X120	4.994471867	2.732666667	3.957448639	3.779784556
X121	4.007192271	2.339795207	2.8997	3.148524588
X122	4.669571867	3.412633333	2.722966667	2.46226406
X123	3.487065913	2.472	2.602498298	2.43916137
X124	5.249021389	3.905697922	3.945866667	3.330175411
X125	4.580688056	3.2678	5.764898313	6.586000494
X126	3.421765913	1.839566667	4.099670226	2.969928036
X127	5.640292271	3.184866667	4.240766667	4.369674588
X128	5.026571867	2.52379522	3.075248639	3.710617889
X129	4.520638534	2.595766667	3.05	4.27176406
X13	7.613683058	5.864866667	8.132248298	6.451894703
X14	8.541592271	5.5494	7.766033333	5.614074588
X15	6.694488056	4.997666667	6.4834	5.701675411
X16	6.904354723	4.0669	5.969187169	5.307842077
X17	6.3584052	4.48799522	5.264833333	6.69016406
X18	7.876099247	3.784333333	5.762786815	5.566828036
X19	5.638388056	4.279833333	5.6373	5.997775411
X2	4.790783657	5.7806	3.98618723	5.904274588
X20	5.859554723	4.6099	5.123633333	5.192508744
X21	6.529883337	4.0202	6.4454	6.057500494
X22	6.364592271	5.377633333	4.540648172	5.555774588
X23	6.813483058	3.8328	3.700986815	5.982828036
X24	1.606869868	4.646995207	6.403766667	6.667174588
X25	5.772283657	4.152133333	4.560133333	4.065058307
X26	6.043699247	5.2763	4.6081	5.686894703
X27	8.460399247	5.896466667	6.853266667	6.805129254
X28	5.431583337	5.347166667	5.895348313	6.030108744
X29	8.684171867	6.4059	5.878098639	6.038417889
X3	6.828783111	4.821166667	4.807733333	4.28991406
X30	6.53970937	5.00459522	7.340866667	6.72111406
X31	7.092938534	5.007333333	6.990836795	4.998317889
X32	5.640265913	3.928466667	4.2353	4.31386137
X33	8.732183058	4.594133333	4.525898298	5.64526137
X34	5.733025605	3.7668	6.045448172	4.323658307
X35	5.438783111	3.3434	7.288870868	7.264451222
X36	5.775021389	3.535833333	4.541698313	5.308175411
X37	6.112892271	4.116966667	5.179066667	5.653958307
X38	7.645838534	4.552933333	3.498048639	4.734517889
X39	6.002633657	5.801333333	5.2771	6.309424974
X4	6.742088056	5.0334	6.7893	6.307600494
X40	6.038288056	4.1372	4.2433	5.571175411
X41	5.78935937	3.495433333	4.8533	4.86606406
X42	5.957065913	4.842833333	5.656764887	7.564029254
X43	5.747234069	4.431433333	4.840448313	4.849500494
X44	6.274333058	4.764595518	4.677470226	6.59866137
X45	10.59633311	4.248233333	6.634864566	7.338917889
X46	6.430558938	4.592233333	6.407066667	5.774774588
X47	5.93035937	4.10534522	7.309714566	6.39906406
X48	6.122458938	4.1536	5.5223	4.662724588
X49	8.263338534	6.298933333	6.277670868	7.19376406
X5	7.866633058	4.276333333	5.454786815	6.267529254
X50	7.09077312	5.26369522	7.5765	6.537051222
X51	7.482525605	4.630533333	5.974470803	5.112224974
X52	6.722799247	4.914	6.655436815	6.569129254
X53	9.036254723	5.229	8.930498313	6.050500494
X54	8.777065913	5.230033333	6.7312	7.386294703
X55	7.9385052	4.158133333	8.978798639	5.278184556
X56	7.840338534	5.878466667	7.7737	6.485551222
X57	7.364438534	5.116833333	4.502433333	6.658651222
X58	7.276892271	6.490945207	8.2155	6.238574588
X59	7.64043258	5.875345518	5.941970226	7.609094703
X6	7.842758938	4.805633333	3.38048723	5.729574588
X60	7.591565913	6.354033333	7.358536815	5.479979254
X61	5.886538534	4.087866667	6.821448639	5.38971406
X62	8.610139685	4.844745207	8.004698172	6.429891641
X63	7.360754723	5.5745	7.841848313	4.506875411
X64	4.598554723	6.152995327	5.444698313	6.330450494
X65	6.367721389	5.482533333	6.420870963	7.350475411
X66	8.519454723	5.3306	6.063433333	7.760242077
X67	9.321571867	6.748033333	8.588570868	7.68616406
X68	7.473325605	4.3507	5.995466667	4.361258307
X69	6.990465913	3.9464	5.390066667	5.470028036
X7	4.576283337	3.439966667	5.276014518	5.080000494
X70	6.589021389	3.489066667	5.375337169	6.489742077
X71	7.014492271	4.525933333	6.365966667	6.369424974
X72	6.897525605	5.893095207	4.870070803	4.831424974
X73	8.171738534	7.058966667	9.395498639	4.700717889
X74	8.796358938	5.202266667	6.414566667	5.704874588
X75	6.421999247	3.828933333	6.063298298	5.679629254
X76	7.432758938	5.0744	7.825070803	7.119258307
X77	7.914354723	6.278633333	7.868566667	7.710042077
X78	7.720934069	5.547045327	8.232433333	6.559675411
X79	7.6854052	4.8424	7.049636795	6.04046406
X8	5.851283337	4.275666667	5.537333333	6.330475411
X80	7.094154723	5.334766667	7.064537169	7.053842077
X81	6.326871867	3.95699522	5.258398639	6.000784556
X82	7.999858938	5.400345207	7.626648172	7.251824974
X83	7.750371867	5.20474522	5.2926	4.54836406
X84	9.166125605	5.7877	7.3964	8.098458307
X85	6.02913258	4.0892	7.712133333	7.554379254
X86	7.544688056	5.213633333	7.787798313	6.189342077
X87	6.874458938	4.970266667	7.995	7.122758307
X88	6.327092271	4.2719	5.3578	5.476324974
X89	7.989354723	5.910833333	7.316670963	6.640475411
X9	5.418033058	4.940966667	6.906470226	6.192228036
X90	6.647158938	4.941966667	6.529498172	6.320124974
X91	7.673438534	5.923966667	8.905670868	4.87636406
X92	8.7424052	4.4053	7.430266667	6.64761406
X93	6.274125605	4.011033333	7.506033333	5.982258307
X94	8.858954723	5.2531	7.518048313	7.312142077
X95	7.744599247	5.6206	7.304598298	7.15106137
X96	5.932354723	6.5655	5.326766667	5.809550494
X97	7.50533258	6.596945518	6.313066667	7.28976137
X98	6.490638534	4.696833333	5.165198639	6.85696406
X99	9.131921389	6.455633333	8.252248313	5.924800494
