CK	D	LN	LP	
X1	8015.907502	8560.180736	5710.340399	8146.17767
X10	6934.314478	7165.571657	7311.931556	7071.442661
X100	9795.43855	9610.084227	10228.43414	11595.68395
X101	10711.93306	9181.208733	8965.217389	12884.46326
X102	7327.142367	7885.451067	6728.568671	7620.158045
X103	8690.7487	8537.754131	8267.170431	9725.82734
X104	7833.050621	6865.785513	6827.95115	7457.774169
X105	10654.83387	9273.404625	9484.30935	11917.31443
X106	9953.141233	8178.768892	9319.552306	9670.794308
X107	9814.352004	8052.135176	8432.494077	10165.63977
X108	9150.928494	8447.254566	8462.169717	9828.756136
X109	7689.281869	8796.146392	6356.711458	8380.900193
X11	7580.748804	8287.09536	7267.512252	7061.526209
X110	7094.857752	8425.482558	6587.018599	7454.558051
X111	7539.062859	7795.344066	6593.831275	8412.021766
X112	7041.007982	8192.317328	7206.845488	7067.884978
X113	7364.307858	7804.041832	7563.041437	8388.913191
X114	7852.776954	8792.046371	6937.618784	7968.773384
X115	6562.901525	6694.115451	6877.857032	6959.666823
X116	6803.179212	6630.6283	6077.93753	6588.839296
X117	8373.89508	8378.60778	8718.258551	9781.672917
X118	6928.278546	6994.836135	6517.581774	6691.143718
X119	6887.387565	5983.34599	6647.17339	8027.554029
X12	7050.505194	7298.142287	7948.306567	8363.453751
X120	9278.012882	6981.066095	7244.799758	10281.84222
X121	7620.636436	6043.11735	7168.413061	8210.344089
X122	10085.95955	8296.042928	8013.110398	11722.09566
X123	7021.764704	6080.918578	6524.590857	7038.823659
X124	6979.433535	5320.261204	6418.833333	8418.016314
X125	6460.563972	6565.584714	5230.034571	7861.662691
X126	5982.096457	6051.724878	5783.537599	7735.233549
X127	8069.528825	7554.84431	5818.856427	6563.74707
X128	5556.841479	6753.859842	3870.146826	5748.359951
X129	5885.876244	5555.911688	4525.362629	6480.118054
X13	6767.687321	5915.226395	7729.822809	7913.696945
X14	8256.363369	8516.674498	8679.371285	7772.97003
X15	7884.749744	9515.616444	8409.896047	7207.068375
X16	5939.229476	6644.269083	7297.520043	8981.403812
X17	8670.070189	8635.866516	8061.9827	8688.559375
X18	8908.375736	11747.82497	8275.594534	10696.01754
X19	8584.586476	7410.926836	8579.883405	10104.27528
X2	9325.49807	10921.57565	9943.935563	11131.54776
X20	6999.002827	8748.126538	6965.874062	8168.556063
X21	8135.377132	9304.790133	9163.615026	8961.901779
X22	8451.58366	7178.501308	6740.43874	7774.439804
X23	7022.711873	8641.260587	6517.904449	8003.074259
X24	7292.230811	9167.667269	7820.618609	8468.027052
X25	10306.01939	9971.64837	7753.416351	9596.769707
X26	8238.056624	10459.9587	9377.94972	11104.64596
X27	7947.690502	9180.021978	7333.404739	8175.709098
X28	9426.715642	8682.276833	7803.445261	10365.74907
X29	7859.6791	8591.395108	7908.328945	8137.549927
X3	10697.2749	12735.8026	12314.15668	11814.79607
X30	6246.744017	8327.948162	8358.971546	8862.548196
X31	9223.945905	7257.725921	6956.63312	9974.837291
X32	7856.974234	9579.918327	6799.968766	7658.879747
X33	6439.460938	6554.384691	7390.039791	8285.951458
X34	7936.343343	9978.369537	8851.893179	7203.416954
X35	7208.152413	8860.033273	8278.27878	7755.719803
X36	8577.081773	8708.08846	8828.798858	9194.96823
X37	7413.848484	9904.114411	8381.388073	8148.750576
X38	7466.195655	8966.396231	8916.882158	8187.053455
X39	7968.372702	8858.57158	7006.223456	7356.03157
X4	8406.790089	7463.832033	8520.568677	7723.231306
X40	9565.453963	10511.59998	8299.330917	9828.14661
X41	8549.466772	9676.090135	8990.33228	9849.859585
X42	6839.726391	11096.77233	7858.308405	8327.227085
X43	7153.506507	8627.21092	6942.29422	8061.2646
X44	8814.431732	11233.98076	8795.967219	8065.116795
X45	9365.693551	9711.640857	8348.911836	7788.775136
X46	9331.471687	8265.710966	7233.719625	9127.224633
X47	9317.031119	8406.375057	9977.39609	8554.458873
X48	8782.276174	9885.457234	10126.1127	7888.691148
X49	8369.091533	10329.93181	8993.429227	7779.62047
X5	7569.584638	7879.394354	7844.579176	7168.240769
X50	7937.825899	9272.52383	6476.172995	6751.893763
X51	8138.69937	9335.882874	8255.911343	9285.01608
X52	9024.892827	8464.83978	8715.307089	8877.861188
X53	7504.744755	7830.732916	6530.413903	6768.196132
X54	7192.498366	6970.016023	5750.450622	5365.902251
X55	8498.858765	9110.111849	7814.882703	9136.030804
X56	8355.460118	7152.198077	6714.511812	7649.059955
X57	9767.030071	8491.143793	8202.055317	13559.24297
X58	9014.936111	7067.737008	7811.644323	8835.877806
X59	8156.585285	9009.962849	7703.589603	6956.924046
X6	8437.672177	10436.60821	8408.271246	8877.424231
X60	7786.483242	7227.301363	6788.021667	7482.184867
X61	8418.349328	7991.415455	5218.242218	5967.947187
X62	8276.823225	7784.420534	7366.503765	8104.151232
X63	7665.934196	9643.114611	8986.045959	8780.434028
X64	7907.669485	9451.476594	7328.295686	8419.37342
X65	7778.203906	11324.54432	7533.21648	10238.1204
X66	10952.3011	9050.798715	7641.782225	8733.581842
X67	9908.254509	9882.514011	9901.399031	9647.027902
X68	7256.227621	7897.404519	7216.370869	7986.319002
X69	8911.970014	9455.16757	7958.789623	8699.050865
X7	7400.149305	8381.144175	7329.793902	10344.37321
X70	8083.670341	8128.689178	6725.218866	7529.581474
X71	8062.741003	7424.271944	6702.155172	7764.846514
X72	8136.601832	8717.491966	8359.898264	7133.975479
X73	8836.721895	7896.086889	6438.197588	7498.186076
X74	8134.904721	9083.295127	9141.025218	9408.468603
X75	7582.777711	8789.533114	6700.797666	7245.228708
X76	6894.121513	5864.412555	6206.437209	6137.608614
X77	7237.385287	7255.089496	7635.65641	7912.505392
X78	7868.518392	6563.35945	6454.649375	7319.622222
X79	9649.706875	8640.735292	7769.110367	10590.76832
X8	12622.6146	9949.69588	11630.8858	11088.00859
X80	8246.139605	6465.101457	8105.659446	7814.920501
X81	8504.646325	9243.962585	6768.671447	8967.080743
X82	6308.888067	7320.873471	5723.566753	7097.773217
X83	8308.456697	9429.379027	7684.77024	7656.135985
X84	7899.369044	8702.827594	8394.603245	7589.247686
X85	10361.40102	10493.53876	7464.567527	10163.87053
X86	6906.015284	7440.456501	5663.622448	6866.559672
X87	7323.750277	8421.033588	6518.837916	9513.92512
X88	6792.356441	7867.014811	6357.19387	7257.915268
X89	7105.058647	8821.060106	6868.322932	7203.341288
X9	8612.282871	9757.283973	7378.432159	8327.97487
X90	7949.50323	8830.710031	7264.010379	8102.663932
X91	9250.78087	4963.220644	8188.070704	6938.605213
X92	6451.836223	7424.970341	6699.314576	6815.458772
X93	7334.286231	7393.342926	7408.314402	7919.146507
X94	7197.091529	6200.419899	7820.412515	6651.632531
X95	6608.839614	7727.14973	7453.579215	6968.606435
X96	7143.433697	8223.226453	6863.014362	7119.837745
X97	7480.590063	7832.084682	7368.522503	7616.356711
X98	9128.743657	9067.090115	9003.420954	9513.24609
X99	9895.080398	9879.413239	9510.585324	10548.6996
