CK	D	LN	LP	
X1	1.285666667	1.501165909	1.03574245	1.185327101
X10	1.386666667	1.328318283	1.147012437	1.269924804
X100	1.606	2.169499242	1.726045089	1.736551308
X101	1.986	1.761860332	1.500950406	2.05866765
X102	1.315666667	1.566193665	1.11591109	1.24616765
X103	1.639	1.72194193	1.797198993	1.683943521
X104	1.472	1.949193665	2.022244423	1.25016765
X105	1.543333333	1.66898495	1.495512437	1.959258138
X106	2.051333333	1.957651616	1.807012437	1.625591471
X107	1.833	2.301679042	1.589532326	1.611443521
X108	1.587333333	1.90598495	1.291000475	1.725924804
X109	1.490580181	1.620679042	1.274432008	1.225943521
X11	1.178240798	1.64424298	1.182000475	1.360591471
X110	1.121666667	1.31151463	1.032377559	1.199327101
X111	1.698333333	2.173499242	1.465710893	1.658327101
X112	1.110333333	1.266275264	1.303865659	0.976443521
X113	1.180333333	1.290651616	1.216224223	1.316887303
X114	1.277666667	1.584556177	1.202244423	1.239445073
X115	1.248080226	2.26351463	1.332045089	1.237884641
X116	1.139666667	1.81894193	1.115932008	1.374296116
X117	1.295666667	1.989193665	1.572450406	1.68366765
X118	1.405	1.28494193	0.987532326	1.06462945
X119	2.123	1.523275264	1.860532326	2.380296116
X12	1.225	1.539556177	1.367542739	1.30966765
X120	1.873	1.717651616	1.644000475	2.270924804
X121	1.890333333	1.778556177	1.84491109	2.29916765
X122	2.914333333	1.866318283	2.370557556	2.688387303
X123	1.48	1.339275264	1.266432008	1.47262945
X124	1.767333333	2.128689351	1.657710893	2.159217974
X125	1.447333333	1.666165909	1.964045089	2.595827101
X126	1.27	1.422608597	1.284216034	1.463962783
X127	2.066333333	2.220526998	2.024244423	2.22566765
X128	1.452333333	1.64124298	1.245500475	1.685924804
X129	1.721	1.43998495	1.217224223	1.906387303
X13	1.216240793	1.525608597	1.559432008	1.31762945
X14	1.543666667	1.385526998	1.57291109	1.82416765
X15	1.308	1.753165909	1.245377559	1.398217974
X16	1.039	1.343499242	1.30974245	1.390551308
X17	1.360666667	1.77124298	1.325557556	2.715887303
X18	1.553	1.42294193	1.271474498	1.418962783
X19	1.982	1.894832576	1.655377559	2.172551308
X2	1.178240844	1.596526998	1.243042739	1.64766765
X20	1.19	1.651499242	1.233710893	1.291217974
X21	1.582240846	1.975165909	1.581044226	2.003327101
X22	1.427666667	1.472860332	1.523950406	1.15266765
X23	1.359740793	1.738608597	1.234974498	1.330962783
X24	2.056642257	1.884556177	1.376577757	1.61616765
X25	1.730740844	1.999526998	1.460244423	1.869445073
X26	1.383666667	1.748275264	1.674532326	1.303962783
X27	1.513666667	2.035608597	1.369198993	1.342443521
X28	1.225240846	1.479165909	1.754545089	1.291217974
X29	1.749333333	2.103651616	1.871500475	1.339258138
X3	1.977740798	2.365651616	1.62789089	2.086887303
X30	1.140080244	1.53674298	1.677557556	2.139887303
X31	1.438	1.402651616	1.070512437	1.410258138
X32	1.096	1.57394193	1.168865659	1.411962783
X33	1.602240793	1.37894193	1.126432008	1.318296116
X34	1.358666667	1.803526998	1.573450406	1.252111739
X35	1.163740798	1.441651616	1.601353155	1.830591471
X36	1.297333333	1.420165909	1.230045089	1.394884641
X37	1.155666667	1.298860332	1.056577757	1.195778406
X38	1.3	1.686318283	0.761000475	1.018591471
X39	1.107740844	1.462526998	1.074577757	1.194445073
X4	1.213666667	1.343499242	1.097710893	1.140327101
X40	1.316	1.580499242	1.365710893	1.512217974
X41	1.513080244	1.235318283	1.193557556	1.377387303
X42	1.088333333	1.472608597	1.153190472	1.146943521
X43	1.044080226	1.424832576	1.090045089	1.304827101
X44	1.067740793	1.324179042	1.155216034	1.058962783
X45	1.627240798	1.421651616	1.070159757	1.226924804
X46	1.292666667	1.508860332	1.103577757	1.35166765
X47	1.230080244	1.50274298	1.414159757	1.226387303
X48	1.185333333	1.424193665	1.32491109	0.89066765
X49	1.357666667	1.95698495	1.358353155	1.226387303
X5	1.264740793	1.508608597	1.207974498	1.273943521
X50	1.217178958	1.47174298	1.379557556	1.294924804
X51	1.241666667	1.387860332	1.20725302	1.157778406
X52	1.320666667	1.419608597	1.208474498	1.252943521
X53	1.279333333	1.623165909	1.756045089	1.375327101
X54	1.522666667	1.48694193	1.145532326	1.178962783
X55	1.545333333	1.678318283	1.479500475	1.878258138
X56	1.306666667	1.384651616	1.373224223	1.343258138
X57	1.477333333	1.35498495	1.308224223	1.503924804
X58	1.103666667	1.774056177	1.450577757	1.26416765
X59	1.341	2.251179042	1.565216034	1.193962783
X6	1.743	1.904860332	0.823542739	1.42416765
X60	1.648	1.71894193	1.435474498	2.168443521
X61	1.362666667	1.48698495	1.071000475	1.213887303
X62	1.512580284	1.907056177	1.173450406	1.229111739
X63	1.482	1.745499242	2.182545089	1.104884641
X64	1.226666667	1.55151463	1.313045089	1.077827101
X65	1.222666667	2.305499242	1.150442401	1.738884641
X66	2.247666667	1.688165909	1.671377559	2.086551308
X67	1.956	1.961651616	1.110353155	1.537887303
X68	1.451	1.426193665	1.23991109	1.230778406
X69	1.572333333	1.481275264	1.347198993	1.195962783
X7	1.139240846	1.883499242	1.359345139	1.612827101
X70	1.399666667	1.517165909	1.17424245	1.454884641
X71	1.230666667	1.219526998	1.109577757	1.365445073
X72	1.331	1.738556177	1.49125302	1.653778406
X73	1.307333333	2.030651616	1.372500475	1.355591471
X74	1.459666667	1.738526998	1.315244423	1.25016765
X75	1.363333333	1.409275264	1.473432008	1.154943521
X76	1.146666667	1.466860332	1.32025302	1.235778406
X77	1.276	1.779165909	1.303044226	1.940551308
X78	1.803080226	1.49101463	1.680710893	1.290551308
X79	1.536666667	1.73798495	1.297512437	1.839387303
X8	1.596240846	1.464499242	1.799044226	1.776551308
X80	1.282666667	1.433165909	1.40574245	1.317884641
X81	1.232333333	1.32274298	1.153500475	1.256924804
X82	1.334333333	1.487556177	1.485950406	1.266111739
X83	1.527333333	1.24724298	1.017557556	1.092387303
X84	1.515666667	1.684526998	1.291244423	1.399445073
X85	1.151333333	1.335275264	1.184198993	1.202443521
X86	1.237333333	1.620165909	1.921045089	1.110884641
X87	1.180666667	1.730860332	1.243244423	1.675778406
X88	1.419333333	1.610526998	1.378577757	1.357111739
X89	1.183	1.803499242	1.223442401	1.523217974
X9	2.191240793	1.596608597	2.344216034	1.503962783
X90	1.632666667	1.476860332	1.512950406	1.214111739
X91	1.868666667	1.997318283	1.945353155	2.190387303
X92	1.323333333	1.378651616	1.152557556	1.211387303
X93	1.455	1.317860332	1.76191109	1.278111739
X94	1.538	1.277499242	1.320045089	1.186217974
X95	1.109333333	1.585608597	1.260932008	1.228962783
X96	1.203333333	2.674165909	1.337710893	1.120827101
X97	1.387	2.079679042	1.470865659	1.51762945
X98	1.604666667	2.12198495	1.795000475	1.921387303
X99	2.067	2.295165909	2.196045089	1.817327101
