CK	D	LN	LP	
X1	4.727038738	3.851045786	7.077869511	4.646769151
X10	5.057331822	3.617051451	6.670866481	5.102970447
X100	5.119803187	3.032738512	3.983165427	3.538992926
X101	6.394548117	3.726724242	7.122313343	4.540959172
X102	5.127568102	3.196824978	5.253635678	5.267402693
X103	4.861418625	3.184531516	4.407694989	4.654714105
X104	6.362200923	3.37262739	5.962240448	5.042234506
X105	3.858135231	3.451743656	3.87232893	2.885070939
X106	4.348439411	4.183969584	4.612009884	4.553361277
X107	5.44233588	3.818470001	5.049796302	4.680405444
X108	4.47101221	2.745041205	3.442365615	3.768216367
X109	4.316458497	3.154206563	5.105053189	5.244824073
X11	4.86359673	2.57396992	5.723826233	4.161994204
X110	5.903599045	3.138867018	6.65354981	5.136991875
X111	5.24714318	3.326399955	6.970289685	4.413661428
X112	5.699400551	3.602737328	5.932621187	4.501321575
X113	5.358382754	3.619123031	5.757323601	4.872011886
X114	6.530416165	4.268601348	4.963019992	5.883916518
X115	4.866125972	2.734473328	5.316415456	4.834191496
X116	6.496458526	4.448198963	6.558240863	6.011717099
X117	5.453754382	3.407032739	4.694748474	5.666165695
X118	5.148339976	3.787996258	4.880844047	5.483873439
X119	1.923217332	1.534978237	2.998709982	1.582562254
X12	5.060821176	3.61418956	3.656256526	5.105304778
X120	1.989454867	1.438201656	2.27805471	2.105820039
X121	2.084389408	1.428881181	1.729360645	2.268825713
X122	1.989412167	1.849894062	2.059157991	2.588357159
X123	1.766444895	1.448410292	1.79487807	1.63855203
X124	2.409177318	1.492710434	2.069841353	1.52317934
X125	2.212275348	1.386583321	2.198134378	1.864645754
X126	2.051241951	1.321034036	2.022472835	1.941778269
X127	2.198770431	1.566970207	1.981218607	1.887391026
X128	2.288410049	1.805922409	2.192503529	1.750826388
X129	1.682138238	1.766188684	2.449944179	2.002261802
X13	4.678144644	4.193593168	4.857110505	4.397244828
X14	5.235933655	4.786787834	5.54809225	4.008441454
X15	4.48483265	3.234697791	5.577435739	4.26153385
X16	5.981857101	3.345023727	5.168507332	3.572468074
X17	4.154811626	3.365374718	3.677660549	3.118106112
X18	4.920113841	3.215555017	4.475294855	4.201823816
X19	2.530362112	2.228520874	3.053562386	2.463353371
X2	4.391909507	4.162754422	3.403608238	4.010123857
X20	4.463587537	2.652887787	3.921380617	3.303211516
X21	3.480191245	2.373713269	3.803943026	2.817869255
X22	3.797332543	3.167308447	3.377626503	3.020574095
X23	3.744922651	2.450753926	5.259519143	4.28555617
X24	2.948000666	2.90344948	3.971312118	4.176624757
X25	3.576888327	2.196372155	2.745871698	2.316576039
X26	3.618840255	3.06217426	2.610072992	3.685670626
X27	5.663656379	3.183578102	4.750040282	5.540355903
X28	3.659762843	3.596378833	3.085636937	3.750578112
X29	4.720483289	3.378904523	3.721164193	3.86484267
X3	3.026951127	2.455042499	3.398071785	2.892236267
X30	4.143177092	3.271005742	4.214156898	3.242450733
X31	3.777619593	3.764152025	5.628489129	4.147629165
X32	4.399501358	2.418625567	3.898981787	2.861728969
X33	4.173372403	3.599252438	3.467726858	3.48330092
X34	4.183217426	2.384466999	3.407178414	3.465499042
X35	5.200227319	2.862565852	5.725539846	4.4799087
X36	5.61541811	3.633374666	5.51680158	4.241871714
X37	6.177341105	3.76316897	5.590715027	4.498729929
X38	5.255912399	2.896925983	4.841709579	4.557979412
X39	5.415759944	4.639190745	5.502824963	7.279814889
X4	5.205511614	3.724256382	7.9266353	5.753917682
X40	4.641979582	3.410723186	3.674581004	3.816383149
X41	3.707947305	3.681875961	4.667397918	4.002149882
X42	5.021030167	4.097202145	6.972831359	7.623685673
X43	4.521649773	3.430782797	4.933410238	4.072002272
X44	5.764351042	4.897031965	5.0168811	6.737167174
X45	5.354430655	3.444796637	5.120356268	5.987155486
X46	5.018249984	3.644050913	6.098967854	4.955645561
X47	5.283074407	3.36072201	6.177530684	4.941738293
X48	5.249362763	3.547808225	4.221086948	5.378627535
X49	5.874429708	3.569720582	5.379403343	5.460481887
X5	5.298396408	3.224763648	4.154131265	5.381323282
X50	4.559301766	3.030242702	5.02257263	4.206974963
X51	5.371510468	3.264551119	5.28485181	4.194915747
X52	4.412591232	3.66295403	4.801903378	4.667688791
X53	6.175449308	4.222329802	5.627751535	4.801793782
X54	4.093033372	3.30734547	5.21009731	5.002520676
X55	5.371073549	3.022016094	6.996493679	3.821884865
X56	5.78845153	5.030023857	6.379960334	4.061557989
X57	4.437917925	3.594945142	3.962444762	5.076567644
X58	5.752247154	3.468448877	5.223556243	4.868381611
X59	4.989948592	2.032892283	4.239605508	5.549680098
X6	4.16400931	3.31743073	4.22833486	3.979629679
X60	3.735432091	3.90452818	4.463576756	2.712416204
X61	4.580611668	2.741996552	4.779010592	3.887956418
X62	6.053540774	2.825757826	6.216662815	4.322451959
X63	5.141228658	3.283345005	4.270847706	4.538787559
X64	4.301467821	4.245693764	5.34456907	7.330914055
X65	4.529239944	3.106742647	4.595672909	3.748331024
X66	4.143835297	2.787758439	3.63129143	3.618981015
X67	4.720352544	3.721157191	6.660478982	5.754553488
X68	3.463656021	2.282805558	3.287794917	2.574135696
X69	3.618636404	2.549050936	3.593573152	4.071914767
X7	3.785341957	2.311725436	4.241205092	2.987862437
X70	4.325257685	2.058349547	4.038611054	4.115929446
X71	5.20846328	3.960547886	5.779056495	4.116821314
X72	4.495522896	3.324550579	3.323389884	2.677428199
X73	6.203675677	3.487050306	6.297081496	3.100916516
X74	5.441820862	2.926658428	4.413629916	4.131513135
X75	4.148332914	3.003493234	4.246991185	4.290431017
X76	5.601696902	4.06258321	5.299037988	4.733372782
X77	5.709160413	2.731179359	5.282904796	3.282550352
X78	5.399555924	4.015007082	5.31617729	6.047723636
X79	3.754121962	2.292654153	4.422384694	3.893103824
X8	4.302233711	3.480244408	3.008442466	3.495326762
X80	5.005336591	3.66469309	4.295281287	4.889637525
X81	4.702511299	3.39073532	5.254594796	5.426973793
X82	5.804057544	3.919867405	4.097054945	5.19357402
X83	4.416335508	3.769335836	4.730493381	4.997448932
X84	6.29675325	3.687221623	6.116356925	5.255117386
X85	5.613779121	3.759202982	6.834564275	5.35429163
X86	6.057412437	2.985423578	3.690856561	4.55612082
X87	5.952589257	3.478948295	6.432148989	3.848417883
X88	4.775755595	3.349645674	4.628815394	5.051768527
X89	7.744121884	3.215572894	7.577054537	4.778104025
X9	3.705976971	2.848604066	3.643325594	3.707333315
X90	5.13911508	3.662505927	4.886511512	5.45926389
X91	3.516482617	3.314744025	3.90247024	2.987798604
X92	6.844935111	3.227323058	7.289142495	4.732935843
X93	4.846399381	3.622760172	4.726404787	4.339838708
X94	5.001067425	3.693256334	5.438046029	6.601699637
X95	8.329194526	4.91132307	5.863753327	6.055998018
X96	4.730716088	2.748851109	3.911493471	7.126665696
X97	5.474280962	3.355174367	4.048220956	4.723896498
X98	4.217092327	2.781114418	3.738815481	3.964705601
X99	4.235227848	3.47330163	3.389566544	4.120751445
