CK	D	LN	LP	
X1	4174.150267	2387.429551	3856.37515	3924.305691
X10	4228.449967	2396.354789	4268.558945	4250.694915
X100	3433.428008	2052.969172	3237.363112	2935.315866
X101	4394.016594	2299.150673	4514.081144	4323.052167
X102	4111.193483	2474.244775	4053.887472	4493.431633
X103	3985.181781	2166.775434	2918.032406	3377.486739
X104	4414.206034	2200.020773	4077.394042	3505.281797
X105	3761.31577	2349.276763	2804.253791	3114.819692
X106	3645.185177	2334.114058	3707.237123	3910.852362
X107	4142.959827	2349.528416	3835.20496	4511.219837
X108	4312.453547	2433.486374	2719.81991	4375.971482
X109	3801.217471	2575.360013	3607.035759	4323.077227
X11	4166.181403	2463.863169	3358.39638	3174.9097
X110	3683.238677	2446.436834	3929.218272	3406.171434
X111	4061.988308	2287.238578	3805.757251	3190.588158
X112	4133.540828	2454.801431	4102.656809	3014.370489
X113	4157.373267	2421.788564	3868.130884	3706.030536
X114	4802.173824	3149.84537	3224.706184	4043.783693
X115	3450.490295	1577.281818	3416.162026	3102.483163
X116	4492.027403	2486.408738	3693.046606	3464.940919
X117	3618.623338	1991.991915	3455.995312	4146.390068
X118	3802.221732	2449.276197	3156.309621	3547.25501
X119	1642.666548	1206.342784	2532.475511	1230.565379
X12	4283.698687	2538.361653	3129.686005	4275.763425
X120	2362.488753	1090.064413	1621.101348	1732.743868
X121	1747.031877	771.1733082	1100.387907	1010.342623
X122	1658.013033	1519.938996	967.966703	1089.747704
X123	1635.283584	1090.9287	1326.867308	1195.212856
X124	2030.087751	952.7714477	1694.737565	1445.290767
X125	2030.341584	1271.637527	1327.924658	1762.277428
X126	1518.343773	775.595879	1509.822197	1552.107367
X127	2275.986297	1084.62879	1192.369448	1327.058339
X128	1937.893611	1196.632678	1020.433941	1319.370263
X129	1597.686182	1018.392049	1085.608571	1746.919914
X13	3885.74779	2375.680104	3706.622197	3807.990231
X14	4937.662251	3424.185986	4686.349861	3267.050099
X15	4008.947617	2729.895712	4550.851876	2959.473656
X16	3907.546614	2140.091839	3607.749885	3444.483342
X17	4054.966495	2343.837157	3271.316442	2650.632319
X18	4469.568893	3235.425727	3541.9319	4273.833046
X19	2520.019605	1736.477337	3047.385411	2810.574068
X2	4297.818878	4191.662797	3295.513947	4652.237266
X20	3479.637656	2530.955514	3069.994895	3352.1192
X21	3302.90272	1914.53707	3811.847773	2904.873656
X22	3960.283981	2661.392127	2393.567218	3188.213636
X23	3147.63446	1866.204592	2794.844075	3566.535442
X24	2454.726153	2697.321962	3492.877738	3909.703274
X25	3868.264376	2117.889701	2441.682207	2096.033888
X26	3454.140533	3205.748095	2553.491495	4735.060502
X27	4345.572502	2622.264296	3699.748008	4789.723146
X28	4286.415998	2971.870184	2759.394708	4807.637546
X29	4070.103818	2699.309382	2856.702577	3728.295007
X3	3251.347844	2575.044334	3680.555923	2635.808132
X30	3346.606451	2467.543837	3722.143671	3804.457691
X31	4411.81466	2677.027621	4095.587143	4217.641152
X32	3933.654142	2412.358912	2544.369177	2348.575145
X33	3558.355029	2160.883971	2715.220838	3544.519333
X34	3446.910574	2167.441025	3231.157429	2502.697232
X35	3137.324094	2112.631538	3318.484523	3197.53291
X36	3839.867987	2143.487817	3365.588632	3552.879695
X37	3995.530396	3162.729431	4106.613056	3812.394347
X38	4453.730319	2507.84846	4026.808726	3840.241719
X39	4656.810131	3566.510481	3389.44423	3849.371704
X4	4350.020912	2761.993143	5322.74672	4362.619032
X40	4306.173653	2795.51334	2626.7952	3588.525768
X41	3112.564911	2759.108991	3639.402168	3738.796393
X42	3677.754389	3666.606605	4078.8873	4993.103582
X43	3478.716567	2699.35312	3110.510642	3356.955992
X44	4885.76601	3699.195696	4064.488839	4926.615281
X45	5292.427176	2823.169272	4324.491281	4783.729508
X46	4685.403189	2575.94045	4136.100184	4092.889227
X47	5112.928339	2744.3455	4891.46644	4356.145335
X48	4635.905602	2884.522572	4145.8693	4085.404548
X49	5238.592489	3560.186616	5347.040648	4770.72531
X5	4179.873761	2192.726371	3114.922838	3830.475495
X50	4139.02185	2896.058645	3536.03608	3494.634659
X51	4876.483159	3171.191059	5015.894423	3962.925754
X52	4545.20862	2886.856199	4403.278718	4397.394787
X53	5211.497418	2972.682226	3665.361642	3503.537528
X54	3943.991153	2465.581131	3528.020469	3294.40725
X55	4233.868863	2301.222399	4716.876047	3278.175363
X56	5002.87487	3080.421418	3784.306494	3757.541777
X57	4946.982077	3199.147716	2834.541759	6005.94763
X58	6026.711876	2618.907344	4421.611215	4467.774569
X59	4654.86988	2211.598926	3520.441447	4330.707488
X6	3918.935072	2605.862921	3705.692802	3993.642392
X60	3486.855133	2792.918374	3313.17728	2265.335584
X61	3561.918812	2300.099001	2873.256066	2750.190691
X62	4920.761971	2088.306919	4784.397173	4220.928766
X63	3795.1945	3093.637428	3368.479905	3692.282103
X64	2854.801628	3439.345632	3461.836294	5686.559266
X65	3998.260977	3220.029636	3962.234494	4545.588586
X66	4295.378205	2904.768294	2848.734616	3190.743259
X67	5625.963002	3402.083647	5648.086545	5732.8691
X68	3814.976576	2445.291084	3459.84859	2915.085889
X69	3868.09967	2505.261298	3190.160791	3885.014863
X7	3030.331664	1503.798306	3422.250477	3366.132136
X70	3843.145515	1896.548744	3041.955331	3377.833497
X71	4769.643722	2747.807995	3774.866962	3530.869692
X72	4561.862157	2792.811158	2588.049113	2028.547727
X73	5436.634016	2837.214092	3780.503085	2630.222066
X74	4916.60746	2741.923267	4403.013256	4250.859393
X75	3489.162194	2364.734477	2976.050167	3312.790021
X76	4615.924974	2093.328207	3668.551298	3488.060732
X77	4466.77668	2578.802501	4580.193892	3216.936846
X78	3740.805137	2244.089957	3176.64027	3645.636801
X79	5143.759837	2470.250764	3877.300384	4061.876133
X8	4775.71982	2789.017163	3768.248795	4023.75402
X80	4508.183158	2480.887899	3710.139424	4255.028524
X81	4618.07722	2843.483474	3380.788005	4391.844602
X82	3990.576117	2428.629479	2626.77798	3966.755335
X83	4166.717594	3529.450129	4018.125983	3540.8845
X84	5014.80206	3011.071953	4658.81589	4385.659532
X85	5304.641946	3594.295569	4902.275447	5401.150091
X86	4194.123423	2163.48408	2393.445894	3749.059213
X87	4461.85115	2877.82532	4151.511851	3903.523034
X88	3208.186	2206.590727	2479.979466	3281.811135
X89	4760.80998	2694.857523	4665.982438	3336.892162
X9	2654.107659	2939.524508	2594.375589	3398.082285
X90	3427.569734	2770.238518	3282.935847	4145.04351
X91	3928.167501	1687.158839	2928.110852	2249.813284
X92	4327.577056	2106.678893	4304.364099	3696.126966
X93	3330.429632	2617.283254	3425.462437	3722.130596
X94	4131.45698	2266.327693	4107.110934	4138.406054
X95	4481.378074	2653.527315	4159.082368	3796.102994
X96	3417.769225	1706.277307	2826.764691	3883.935594
X97	4021.466283	2513.451342	3214.903204	3601.653378
X98	3713.678492	2008.397814	3001.629188	3510.173213
X99	4326.616092	2768.566687	3611.953021	3498.669439
