CK	D	LN	LP	
ASV183	1.43E-06	7.19E-07	2.04E-07	3.55E-07
ASV813	0.613414316	1.07E-06	1.04E-06	1.61E-07
ASV418	0.048614915	0.083248626	0.058634279	1.11E-06
ASV1061	1.98E-07	1.99E-07	2.08E-07	2.03E-07
ASV236	0.339172979	9.64E-07	3.12E-07	1.32E-07
ASV724	1.30E-07	1.43E-07	1.35E-07	1.52E-07
ASV430	0.27941097	4.85E-07	1.64E-07	0.146621365
ASV1065	0.191590087	0.160310923	1.12E-06	1.84E-07
ASV759	0.079555503	1.47E-07	0.12187736	0.151768653
ASV341	3.90E-07	1.43E-07	0.155017972	0.255275985
ASV61	0.072155822	1.51E-07	0.064950096	8.35E-07
ASV823	9.40E-07	1.15E-06	1.99E-07	1.80E-07
ASV497	0.076079568	7.69E-07	1.87E-07	0.093207238
ASV52	0.040023528	1.38E-07	1.75E-07	0.057567931
ASV925	9.09E-07	1.49E-07	0.027272806	0.038967881
ASV929	1.54E-07	1.21E-07	5.99E-07	0.098602857
ASV1453	1.39E-07	0.003052522	0.135178553	0.233739034
ASV229	0.059809451	0.269191037	2.32E-07	0.014702309
ASV394	0.322592241	3.59E-07	0.044663146	1.11E-06
ASV723	0.074997775	1.80E-07	0.088954189	4.68E-07
ASV202	0.023054735	3.63E-07	8.48E-07	0.03936097
ASV193	0.033264539	7.29E-07	0.019219971	0.064347144
ASV681	8.13E-07	2.03E-07	0.029060495	1.75E-07
ASV1551	0.066615018	0.104339054	0.180849627	1.83E-07
ASV248	0.111998955	8.65E-07	7.45E-07	0.106897443
ASV108	0.160020276	1.79E-06	1.54E-07	7.64E-07
ASV295	0.034504177	0.108997163	0.038858652	0.000970245
ASV275	0.155976787	1.57E-07	0.223497796	0.098976926
ASV442	0.090346078	1.92E-07	7.72E-07	0.651125376
ASV64	0.024011549	1.58E-06	1.73E-07	0.282572229
ASV1012	0.117646011	0.042631486	1.50E-07	1.40E-06
ASV314	0.184537838	1.52E-06	0.00062815	2.35E-07
ASV35	0.074862249	9.20E-07	0.088535838	0.024810224
ASV539	1.60E-07	0.043259309	0.154222783	1.61E-07
ASV1214	2.54E-07	5.06E-07	1.16E-06	6.55E-07
ASV939	0.248161163	2.00E-07	1.77E-06	0.239006933
ASV1245	0.043980587	1.18E-06	0.100581058	0.053428005
ASV107	1.33E-06	1.69E-07	1.63E-07	1.97E-07
ASV750	1.70E-07	7.97E-07	0.207459053	9.71E-07
ASV703	7.24E-07	9.85E-07	1.86E-07	7.83E-07
ASV728	1.45E-06	1.35E-06	0.020934302	6.32E-07
ASV646	1.82E-07	1.77E-07	7.63E-07	2.06E-07
ASV667	0.002109403	1.90E-07	5.05E-07	0.071840929
ASV136	0.10601898	3.71E-07	7.73E-07	0.185650775
ASV440	1.99E-07	4.29E-07	1.86E-07	0.057341353
ASV129	2.01E-07	1.28E-07	8.32E-07	0.065174574
ASV393	7.29E-07	9.52E-07	6.25E-07	0.217582721
ASV561	0.000659019	5.87E-07	0.113166292	1.31E-07
ASV624	1.61E-07	4.68E-07	6.04E-07	4.58E-07
ASV726	1.15E-06	3.98E-07	0.014471999	0.497423638
ASV553	5.17E-07	1.48E-07	0.004672757	9.47E-07
ASV435	7.00E-07	0.070068217	1.89E-07	1.66E-07
ASV453	0.002849928	6.91E-07	7.30E-07	1.27E-07
ASV407	0.00197641	1.44E-07	0.056337441	6.99E-07
ASV587	0.023850088	1.44E-07	0.127500254	1.86E-07
ASV436	0.418044676	0.008421647	0.068188114	5.02E-07
ASV441	0.207362771	1.62E-07	8.78E-07	8.40E-07
ASV542	0.053806789	1.52E-07	1.26E-07	0.013539833
ASV787	6.58E-07	0.231464359	2.05E-07	4.48E-07
ASV580	7.65E-07	2.03E-07	2.12E-07	1.77E-07
ASV1328	0.005470305	1.35E-06	1.77E-07	2.08E-07
ASV319	0.005749661	0.092329341	0.151051566	0.046594173
ASV629	0.444781838	1.90E-07	1.94E-07	7.36E-07
ASV237	0.120882394	1.39E-07	8.20E-07	0.114425565
ASV310	0.054505045	1.43E-07	0.045503633	0.340156663
ASV300	0.217182381	0.188177575	0.313410452	0.137062072
ASV335	0.014518121	4.36E-07	0.014294487	0.412493992
ASV156	1.42E-07	1.62E-07	1.42E-07	0.06030208
ASV1386	4.91E-07	1.42E-07	0.081660283	1.27E-07
ASV263	0.029563666	0.075516218	0.077711676	0.042533177
ASV134	2.95E-07	8.21E-07	0.277356718	1.42E-07
ASV434	0.501161242	0.118956672	0.136950474	7.73E-07
ASV675	1.99E-07	1.02E-07	0.224105861	2.68E-07
ASV32	0.033111018	1.38E-07	0.284868542	0.096968355
ASV272	1.53E-07	4.07E-07	0.186370054	0.365001257
ASV445	0.334327525	1.58E-06	3.34E-07	1.72E-07
ASV161	0.111230086	4.14E-07	0.040320033	0.108382844
ASV648	1.74E-06	1.95E-07	1.11E-06	1.87E-07
ASV144	0.259654031	1.42E-07	0.530369877	0.393258
ASV563	2.86E-07	2.00E-07	1.85E-07	1.58E-07
ASV19	0.242348546	0.035178806	3.29E-07	0.356234299
ASV286	0.031555674	1.78E-07	0.007720013	6.11E-07
ASV36	0.095025153	1.79E-07	0.038286735	0.107038539
ASV162	0.22827896	1.52E-07	0.086834727	0.105269947
ASV163	0.258519236	1.20E-07	7.75E-07	0.155415417
ASV113	0.038759692	0.039306759	1.04E-06	0.140129599
ASV80	0.141549544	9.57E-07	0.106208753	0.198143091
ASV688	1.89E-07	NA	2.17E-07	2.00E-07
ASV1396	2.45E-07	0.004178781	0.141306838	1.57E-07
ASV1211	0.466154604	2.49E-07	1.36E-07	0.0252232
ASV105	0.13900189	0.053931816	0.112195567	6.28E-07
ASV409	0.067662641	1.82E-06	1.06E-06	7.78E-07
ASV984	0.112963124	0.009762897	0.001701011	1.53E-07
ASV82	0.248457207	1.46E-07	0.243740832	0.071073226
ASV88	0.010910726	1.32E-07	0.165272311	0.041723248
ASV585	0.088706914	0.078706847	1.62E-07	1.70E-07
ASV1220	1.02E-06	2.00E-07	2.04E-07	1.98E-07
ASV42	0.186345693	0.18548996	0.09772406	0.058024744
ASV692	0.047565334	1.05E-06	0.094095374	0.088635273
ASV51	0.085327363	0.027901679	0.095249574	0.160554586
ASV18	0.376569618	0.140189546	0.201094338	1.16E-06
ASV1751	1.61E-07	1.36E-07	7.81E-07	1.59E-07
ASV79	3.94E-07	1.36E-07	1.33E-06	3.50E-07
ASV56	1.25E-07	7.66E-07	0.258724855	0.121560313
ASV824	1.93E-07	0.006787611	1.82E-07	1.01E-06
ASV10	0.304857335	0.074846588	0.293872536	7.33E-07
ASV111	1.71E-07	1.54E-07	0.058356994	5.50E-07
ASV49	0.015758129	0.238081783	0.366418081	1.82E-06
ASV7	0.161177816	0.220654795	0.429003802	3.76E-07
ASV37	0.078075128	1.58E-07	0.420766686	0.283663304
ASV1589	1.99E-07	NA	2.00E-07	2.00E-07
ASV2507	0.270912727	1.26E-07	0.027862131	0.057981818
ASV1107	1.45E-06	1.72E-07	0.085577613	1.82E-06
ASV2234	0.396662385	0.29156592	0.093070662	1.02E-06
ASV443	1.69E-07	7.34E-07	3.21E-07	8.75E-07
ASV1324	1.58E-07	0.179111147	1.59E-07	1.47E-07
ASV789	5.89E-07	1.38E-07	0.020314445	0.016953433
ASV43	9.65E-07	1.49E-07	8.57E-07	0.22013518
ASV631	0.132925043	0.206657668	1.34E-07	8.88E-07
ASV931	9.71E-07	1.82E-07	2.01E-07	1.96E-07
ASV278	9.26E-07	9.04E-07	0.007575596	4.56E-07
ASV498	2.20E-07	3.88E-07	1.39E-07	1.56E-07
ASV609	0.115411647	0.033757413	0.036364147	4.88E-07
ASV1340	0.0073527	1.36E-07	6.10E-07	9.47E-07
ASV627	0.149614271	1.52E-07	2.20E-07	0.04311224
ASV685	0.097369151	1.21E-07	0.048930533	1.45E-07
ASV1038	0.174727318	3.34E-07	0.068306061	1.60E-07
ASV155	0.245519659	1.82E-06	0.110678843	0.027464775
ASV336	1.36E-07	1.53E-07	0.03280767	4.95E-07
ASV792	0.286129769	0.058240857	1.38E-07	8.85E-07
ASV1378	1.62E-07	1.55E-07	1.73E-06	0.041815479
ASV2341	0.008725259	1.57E-07	1.59E-07	1.76E-07
ASV902	4.06E-07	2.10E-07	8.59E-07	6.04E-07
ASV290	0.08932648	1.64E-07	0.006981861	0.058790671
ASV1056	0.069604203	1.03E-06	2.03E-07	1.93E-07
ASV572	5.03E-07	1.03E-07	2.24E-07	1.81E-07
ASV601	0.033445415	2.19E-07	0.072216701	1.93E-07
ASV380	0.035064186	2.01E-07	2.17E-07	1.98E-07
ASV90	1.24E-07	1.69E-07	0.136245231	1.64E-07
ASV174	0.015813388	6.27E-07	9.08E-07	0.029706323
ASV20	0.219459417	0.081200605	0.042496085	1.79E-06
ASV702	0.010717517	2.00E-07	2.09E-07	1.56E-07
ASV140	0.306825537	0.018764966	0.058941417	0.060643896
ASV323	1.49E-07	6.27E-07	4.63E-07	0.250691697
ASV481	1.54E-07	1.88E-07	0.027114296	1.24E-06
ASV1050	5.99E-07	2.07E-07	1.60E-06	3.14E-07
ASV496	9.10E-07	1.01E-06	1.62E-07	0.17998263
ASV23	0.262907106	1.22E-07	0.064279347	1.28E-07
ASV740	1.61E-07	1.51E-07	1.60E-07	0.042426537
ASV38	0.121959482	1.61E-07	7.16E-07	0.231716245
ASV249	1.51E-07	0.08335951	0.332821459	1.48E-07
ASV289	0.062388948	0.044068231	0.093252627	1.31E-07
ASV534	1.26E-07	1.95E-07	1.38E-07	3.32E-07
ASV47	7.60E-07	0.119851098	0.004190308	0.252571435
ASV172	7.90E-07	6.83E-07	0.01637786	1.41E-07
ASV254	4.24E-07	1.43E-07	1.59E-07	0.003118724
ASV737	2.06E-07	2.01E-07	9.41E-07	5.58E-07
ASV352	0.017823936	0.102735709	1.00E-06	0.041978114
ASV664	4.74E-07	5.75E-07	4.04E-07	8.51E-07
ASV264	0.030054712	0.001695273	0.090577065	0.077722597
ASV420	5.97E-07	5.65E-07	0.058867482	1.02E-06
ASV1024	0.090170532	0.30581812	6.19E-07	0.050453433
ASV532	0.19662449	8.48E-07	0.10253622	1.50E-07
ASV570	2.49E-07	2.00E-07	1.19E-06	6.59E-07
ASV499	5.71E-07	1.38E-07	2.17E-07	0.040199427
ASV101	0.197331596	0.119847595	0.054996178	2.22E-07
ASV180	0.079997577	1.51E-07	1.82E-07	1.58E-07
ASV634	0.037440519	2.26E-07	2.24E-07	8.85E-07
ASV372	5.60E-07	1.86E-07	2.20E-07	1.94E-07
ASV437	9.25E-07	NA	1.90E-07	1.66E-07
ASV363	0.084877607	4.22E-07	4.74E-07	2.08E-07
ASV637	2.08E-07	4.20E-07	1.14E-06	2.01E-07
ASV71	0.006182543	5.85E-07	8.42E-07	1.76E-07
ASV135	1.92E-07	1.79E-07	2.11E-07	9.49E-07
ASV330	1.95E-07	1.97E-07	2.02E-07	1.97E-07
ASV12	0.021372394	1.34E-07	1.09E-06	0.020220946
ASV102	0.064281914	0.06644328	0.091576647	0.016830225
ASV466	4.03E-07	1.98E-07	2.13E-07	7.64E-08
ASV377	0.000335372	3.92E-07	1.07E-06	1.32E-07
ASV578	2.00E-07	1.95E-07	1.83E-07	2.05E-07
ASV597	6.77E-07	1.95E-07	0.113385415	1.97E-07
ASV457	0.091327391	4.66E-07	0.090578928	0.086754253
ASV423	5.54E-07	2.01E-07	1.71E-07	1.95E-07
ASV639	0.046383243	1.98E-07	0.080339788	1.65E-07
ASV138	0.044155995	0.045049166	0.028603437	0.057648921
ASV173	0.104532868	0.107727619	1.07E-06	0.131093003
ASV657	0.184459247	6.38E-07	0.005802862	7.67E-07
ASV529	0.05140968	4.63E-07	7.25E-07	0.247660855
ASV689	1.88E-07	6.29E-07	1.75E-07	2.06E-07
ASV197	0.038791688	1.57E-07	0.00145836	1.56E-07
ASV200	7.82E-07	1.55E-07	0.099357265	1.63E-07
ASV59	0.105328739	0.159657327	0.14578302	0.095539904
ASV465	0.195756667	1.92E-07	0.106275121	0.045752702
ASV575	9.13E-07	1.97E-07	2.16E-07	5.30E-07
ASV187	6.61E-07	1.86E-07	0.002494286	1.59E-07
ASV142	6.11E-07	7.75E-07	8.21E-07	1.58E-07
ASV123	0.207627395	0.104366549	0.079768524	0.306250693
ASV333	1.91E-07	1.70E-07	0.005385691	0.446540389
ASV244	1.20E-07	4.73E-07	6.49E-07	0.18817591
ASV258	0.018528244	2.60E-07	0.00780716	0.15775032
ASV524	1.92E-07	NA	4.43E-07	1.93E-07
ASV590	0.111795782	1.98E-07	8.51E-07	3.07E-07
ASV1074	1.99E-07	2.01E-07	1.05E-06	2.00E-07
ASV41	0.005074259	0.07303041	0.034895997	0.058016058
ASV413	9.10E-07	1.97E-07	7.88E-07	3.68E-07
ASV593	9.60E-07	7.91E-07	3.80E-07	0.052795218
ASV458	0.301160854	2.94E-07	0.000939345	4.87E-07
ASV767	7.62E-08	1.82E-07	7.66E-07	5.21E-07
ASV505	0.131936598	0.005882681	3.38E-07	2.53E-07
ASV246	1.53E-07	1.94E-07	1.69E-07	0.142451733
ASV1049	1.71E-07	7.93E-07	0.167412256	0.182659853
ASV463	7.52E-07	9.95E-07	5.91E-07	0.600909208
ASV24	0.052739819	1.36E-06	0.013089841	0.060895706
ASV267	8.58E-07	2.00E-07	1.86E-07	0.105597239
ASV257	7.04E-07	2.03E-07	1.77E-07	5.99E-07
ASV1227	0.020046913	2.00E-07	1.37E-07	2.36E-07
ASV81	0.075269334	0.294323899	0.00728116	6.94E-07
ASV302	0.35801839	1.11E-06	1.72E-07	1.18E-06
ASV545	1.84E-06	0.072699626	8.46E-07	1.57E-07
ASV516	1.57E-07	0.262210401	0.017436673	8.93E-07
ASV571	1.62E-07	1.63E-07	0.036738429	0.041480692
ASV292	1.82E-07	1.90E-07	1.93E-07	1.97E-07
ASV9	0.364782082	1.22E-07	0.045613853	0.113059042
ASV215	0.03892507	5.20E-07	4.82E-07	0.054714257
ASV537	1.99E-07	NA	6.86E-07	1.98E-07
ASV378	1.07E-06	2.00E-07	2.10E-07	0.145651357
ASV468	0.210540454	0.020184994	0.082024489	0.20403489
ASV816	0.045991172	1.99E-07	0.112357101	1.18E-06
ASV359	9.38E-07	1.93E-07	1.76E-07	2.30E-07
ASV69	0.170522345	1.18E-06	0.024451151	5.00E-07
ASV33	1.55E-07	0.06089091	0.186326289	6.48E-07
ASV313	0.075018836	1.58E-07	9.23E-07	0.093147706
ASV574	0.034822349	8.84E-07	0.184021187	7.36E-07
ASV62	8.52E-07	4.03E-07	1.59E-07	0.165905724
ASV451	6.50E-07	1.99E-07	2.18E-07	6.85E-07
ASV632	1.94E-07	1.73E-07	2.17E-07	2.01E-07
ASV520	0.059407545	1.01E-06	0.114414503	0.147920976
ASV357	0.118948983	5.90E-07	0.140731972	5.55E-07
ASV1134	0.042946889	1.91E-07	0.058805884	1.90E-07
ASV350	0.128517238	7.83E-07	0.260478786	0.043755872
ASV120	0.218227864	0.070607783	4.44E-07	0.055404307
ASV143	1.56E-07	0.074791934	0.057162311	1.21E-07
ASV277	0.084766323	0.044402539	0.050472034	0.002974123
ASV139	2.17E-07	9.84E-07	1.31E-07	0.123131465
ASV34	0.157081807	0.104739625	0.010258579	0.003499645
ASV276	0.107623796	1.22E-06	0.071058487	9.13E-07
ASV452	7.91E-07	2.00E-07	0.074727018	2.01E-07
ASV92	0.085909777	0.162025088	2.26E-07	0.14879784
ASV242	0.147436809	0.005487366	0.031179931	7.64E-07
ASV514	1.76E-07	2.00E-07	0.087648782	3.18E-07
ASV603	3.69E-07	1.68E-07	2.17E-07	1.18E-06
ASV538	6.96E-07	9.40E-07	4.61E-07	7.74E-07
ASV489	1.85E-07	1.91E-07	2.14E-07	2.02E-07
ASV456	0.152712723	0.036906525	0.057422549	1.77E-07
ASV645	9.07E-07	1.35E-06	1.06E-06	1.82E-07
ASV550	1.97E-07	2.00E-07	2.13E-07	1.77E-07
ASV673	2.00E-07	2.00E-07	2.03E-07	0.41911157
ASV362	0.253945349	1.87E-07	1.89E-07	2.02E-07
ASV713	2.03E-07	1.81E-07	7.75E-07	0.005994729
ASV392	9.34E-07	1.24E-06	2.23E-07	1.15E-06
ASV626	1.06E-06	1.97E-07	0.079174395	0.044948587
ASV582	1.99E-07	1.27E-06	2.15E-07	1.15E-06
ASV253	0.004958934	2.00E-07	2.41E-07	1.75E-07
ASV536	2.03E-07	6.56E-07	2.17E-07	2.02E-07
ASV668	0.069522537	2.01E-07	2.25E-07	7.99E-07
ASV421	7.59E-07	1.68E-07	0.064433811	2.12E-07
ASV177	6.29E-07	1.59E-07	0.050138292	1.24E-07
ASV369	0.173097713	1.93E-07	8.14E-07	1.02E-06
ASV398	1.87E-07	2.02E-07	2.21E-07	2.00E-07
ASV769	0.079453326	1.99E-07	1.87E-07	2.03E-07
ASV67	1.03E-06	1.49E-07	0.023784359	5.64E-07
ASV50	0.004206516	2.07E-07	0.022107287	0.016225902
ASV471	0.339167639	1.42E-07	3.66E-07	7.41E-07
ASV818	1.74E-07	9.12E-07	5.58E-07	1.47E-07
ASV364	1.48E-07	9.80E-07	0.094437404	0.031079658
ASV791	6.62E-07	1.92E-07	0.093594734	0.297210944
ASV714	0.06617422	0.01553275	1.46E-07	6.29E-07
ASV576	5.45E-07	1.84E-07	1.86E-07	1.92E-07
ASV389	1.60E-07	2.06E-07	0.10468375	1.74E-07
ASV191	2.48E-07	1.17E-06	9.91E-07	0.131278761
ASV194	0.083486244	4.13E-07	2.20E-07	1.66E-07
ASV428	0.02646015	2.00E-07	2.24E-07	1.88E-07
ASV358	2.45E-07	7.42E-07	1.11E-06	1.35E-06
ASV361	1.80E-07	1.92E-07	5.92E-07	0.014970702
ASV568	0.122392096	2.01E-07	1.92E-07	2.07E-07
ASV739	1.86E-07	2.00E-07	2.05E-07	2.02E-07
ASV690	1.94E-07	2.00E-07	8.80E-07	1.99E-07
ASV316	0.310031972	4.79E-07	0.02269092	0.018165522
ASV640	1.94E-07	2.04E-07	4.88E-07	1.98E-07
ASV461	8.48E-05	7.24E-07	3.67E-07	0.119053727
ASV419	8.69E-07	6.97E-07	2.11E-07	1.87E-07
ASV283	0.497076323	1.91E-07	0.002594538	0.079172734
ASV1452	1.98E-07	1.98E-07	2.31E-07	2.00E-07
ASV776	2.35E-07	2.00E-07	1.82E-07	1.78E-07
ASV169	0.067702818	1.64E-07	2.18E-07	0.214828109
ASV247	7.67E-07	1.70E-07	0.007579347	2.06E-07
ASV379	1.76E-07	1.81E-07	7.85E-07	1.94E-07
ASV875	2.01E-07	1.06E-06	2.01E-07	1.95E-07
ASV157	5.57E-07	5.51E-07	0.10213545	1.74E-07
ASV589	0.167467448	1.77E-07	9.51E-07	1.03E-06
ASV596	1.18E-06	1.10E-06	8.72E-07	0.763881409
ASV282	0.002395125	0.501244854	8.96E-07	8.96E-07
ASV559	2.06E-07	2.02E-07	1.92E-07	2.00E-07
ASV385	1.85E-07	8.46E-08	1.20E-06	2.01E-07
ASV204	4.85E-07	8.65E-07	2.16E-07	9.59E-07
ASV606	1.89E-07	1.36E-06	7.11E-07	2.00E-07
ASV473	3.75E-07	9.88E-07	2.14E-07	0.003632741
ASV425	4.06E-07	2.00E-07	9.32E-07	8.63E-07
ASV309	0.136000735	7.47E-07	0.047502565	8.83E-08
ASV744	NA	NA	1.99E-07	NA
ASV821	2.00E-07	2.00E-07	2.05E-07	8.27E-07
ASV98	9.73E-07	4.28E-07	0.077622721	0.52335147
ASV682	4.68E-07	2.00E-07	1.95E-07	0.479273078
ASV530	0.328218214	2.07E-07	2.05E-07	1.99E-07
ASV620	1.09E-06	1.26E-07	2.09E-07	1.99E-07
ASV375	0.367934973	2.00E-07	2.13E-07	0.645492193
ASV1168	1.84E-07	NA	1.98E-07	1.36E-06
ASV356	0.025211214	2.01E-07	2.12E-07	7.64E-08
ASV384	0.04411245	2.00E-07	2.02E-07	2.00E-07
ASV562	2.01E-07	2.00E-07	9.85E-08	1.85E-07
ASV814	6.42E-07	1.36E-06	2.00E-07	2.00E-07
ASV432	0.197303697	9.45E-07	4.77E-07	1.91E-07
ASV109	0.025332145	5.38E-07	0.044948123	0.258265035
ASV270	1.19E-06	7.09E-07	2.12E-07	0.011303896
ASV410	5.90E-07	1.36E-06	2.12E-07	1.33E-07
ASV612	2.01E-07	8.93E-07	8.80E-07	1.79E-07
ASV503	4.69E-07	2.00E-07	2.03E-07	1.79E-07
ASV565	1.12E-06	NA	2.02E-07	0.038623868
ASV269	1.83E-07	1.90E-07	2.17E-07	1.81E-07
ASV238	7.07E-07	7.34E-07	1.90E-07	0.062856825
ASV661	8.97E-07	1.88E-07	1.99E-07	1.12E-06
ASV337	8.74E-07	1.44E-06	2.14E-07	1.10E-06
ASV825	2.06E-07	2.00E-07	1.91E-07	2.00E-07
ASV841	1.10E-06	NA	NA	2.02E-07
ASV403	7.00E-07	6.59E-07	2.00E-07	1.99E-07
ASV725	1.87E-07	2.00E-07	2.03E-07	2.01E-07
ASV610	8.46E-07	1.98E-07	5.01E-07	2.00E-07
ASV475	0.131856232	1.43E-07	8.38E-07	0.060788497
ASV178	0.023055058	8.96E-07	0.012472274	8.74E-07
ASV344	4.95E-07	1.94E-07	0.007130989	3.61E-07
ASV608	0.049878322	1.84E-07	1.87E-07	1.46E-07
ASV490	0.002521387	1.90E-07	0.014170985	0.012348332
ASV605	5.72E-07	0.370599218	2.19E-07	2.09E-07
ASV613	0.129523237	1.04E-06	1.92E-07	1.64E-07
ASV150	0.034890149	1.79E-06	2.27E-07	1.72E-07
ASV402	0.040545097	7.13E-07	2.22E-07	1.77E-07
ASV39	0.149134535	8.95E-07	1.04E-06	0.211978086
ASV221	0.180378742	1.58E-07	0.029699469	0.016818424
ASV501	0.218391236	8.00E-07	7.44E-07	4.25E-07
ASV1017	0.102769957	1.65E-06	0.013988881	9.12E-07
ASV170	0.027742136	5.21E-07	8.96E-07	0.030837442
ASV735	0.029310971	2.01E-07	1.90E-07	8.96E-07
ASV153	6.35E-07	9.82E-07	0.025064873	0.577615433
ASV122	0.111961969	0.139143637	9.22E-07	0.004179286
ASV100	0.081223996	0.015450023	0.031573281	0.039095581
ASV598	0.274270553	0.005568906	1.46E-07	1.56E-07
ASV145	0.081611627	0.106908303	0.139730967	0.078500612
ASV195	0.150166945	0.012391503	1.36E-07	1.58E-07
ASV186	1.08E-06	0.006494317	1.61E-07	0.367027676
ASV127	8.28E-07	0.137407066	0.017243912	1.53E-07
ASV416	8.28E-07	5.40E-07	0.071220878	1.28E-07
ASV280	0.024953847	0.015466541	0.189576202	0.045543713
ASV304	5.45E-07	0.228143733	1.33E-07	0.068470953
ASV260	1.63E-07	0.124984408	0.116379683	6.68E-07
ASV327	7.31E-07	3.61E-07	1.30E-07	0.338220705
ASV718	9.44E-07	2.00E-07	1.72E-07	2.12E-07
ASV133	0.012153666	0.053309313	7.49E-07	2.35E-07
ASV408	2.87E-07	4.79E-07	0.0607323	1.59E-07
ASV212	0.214968011	0.385321172	0.27508863	0.420806137
ASV222	6.24E-07	1.26E-07	0.273301038	1.36E-07
ASV228	0.100113675	8.51E-07	0.082470839	0.105130136
ASV1338	3.38E-07	0.178078965	0.130480851	0.137211768
ASV298	1.64E-07	8.85E-07	0.230155466	0.337960649
ASV494	0.180860978	1.61E-07	0.023452046	0.005096016
ASV630	1.82E-07	1.43E-07	5.77E-07	1.53E-06
ASV785	6.84E-07	2.10E-07	4.63E-07	0.104076913
ASV721	0.008542741	1.47E-07	0.005327498	0.006200208
ASV1200	0.247731559	0.184933319	2.58E-07	0.049434945
ASV799	1.63E-07	0.129982496	1.35E-07	1.09E-06
ASV1162	1.58E-07	2.10E-07	9.44E-07	9.86E-07
ASV89	5.50E-07	0.354724978	0.21978975	0.253481386
ASV112	1.46E-07	0.135980941	9.20E-07	1.57E-07
ASV46	1.52E-07	0.061224255	1.79E-06	0.326772637
ASV78	0.060563918	0.089882488	1.21E-07	0.258372251
ASV239	1.49E-06	1.49E-07	4.80E-07	8.66E-07
ASV528	1.30E-07	4.86E-07	8.38E-07	0.190260481
ASV203	6.87E-07	0.104761488	1.16E-06	8.29E-07
ASV752	1.50E-07	6.85E-07	1.34E-06	1.64E-07
ASV653	2.01E-07	NA	1.97E-07	2.01E-07
ASV308	1.71E-07	9.13E-07	0.007779823	2.93E-07
ASV210	5.97E-07	3.22E-07	7.98E-07	9.16E-07
ASV218	0.076574011	0.034330963	6.31E-07	1.90E-07
ASV83	5.51E-07	8.81E-07	0.133204793	9.60E-07
ASV40	0.009582947	1.57E-07	0.1420857	1.31E-07
ASV119	0.134349562	0.068434418	0.201706397	0.104602175
ASV987	0.124764885	0.009585559	4.79E-07	6.18E-07
ASV406	1.85E-06	1.66E-06	1.91E-07	8.42E-07
ASV245	1.15E-06	1.04E-06	0.027610955	0.174568723
ASV387	0.150693364	0.091906681	0.029674235	0.20371048
ASV374	0.217110302	6.84E-07	7.37E-07	0.124091484
ASV2046	2.35E-05	1.68E-07	0.023649148	0.153586555
ASV450	0.238110215	0.025275338	5.37E-07	0.094914438
ASV1023	1.44E-07	7.65E-07	1.15E-06	0.090521824
ASV548	1.60E-07	0.081780029	0.060992158	0.173880096
ASV1791	1.40E-07	6.68E-07	0.066842635	1.14E-06
ASV288	0.067729013	1.66E-07	1.75E-07	0.353051226
ASV2322	1.64E-07	0.271561158	0.079636093	1.61E-07
ASV312	1.37E-07	0.275234227	0.206997445	0.173657187
ASV558	3.32E-07	9.69E-07	6.38E-07	9.71E-07
ASV2178	0.345304365	0.143033801	0.001083332	0.011553087
ASV1464	6.57E-07	0.289374654	6.23E-07	1.53E-07
ASV226	0.222649765	5.35E-07	0.203134286	6.81E-07
ASV121	9.49E-07	1.65E-07	0.189254429	0.223627589
ASV322	0.048882087	1.96E-07	5.56E-07	0.000811348
ASV477	1.31E-07	0.038344792	1.57E-07	0.028434842
ASV1143	0.070963192	0.092811391	0.188184744	0.203426502
ASV15	2.03E-07	0.17144331	0.193182764	0.293136393
ASV1320	0.096294201	0.290745609	0.005545166	0.225839408
ASV66	0.263676255	0.323632136	0.111031393	0.402569601
ASV1509	8.93E-07	0.028675282	0.052279766	0.077270668
ASV29	1.56E-07	0.065268808	3.66E-07	0.165809009
ASV97	1.84E-06	0.160588902	0.010046343	0.047006312
ASV1204	3.06E-07	0.175574464	0.05230733	9.22E-07
ASV360	0.062988225	0.049638463	0.185527761	0.020373844
ASV557	5.99E-07	0.340815294	0.100664661	0.098389331
ASV164	0.022918857	1.34E-07	1.76E-07	0.011419509
ASV577	5.84E-07	0.081860702	0.112550595	5.41E-07
ASV748	0.086028802	1.32E-07	0.062389405	0.112263986
ASV1072	8.26E-07	0.368337335	0.04804121	1.73E-07
ASV1883	0.137356655	0.074941525	0.120659361	5.01E-07
ASV687	0.010567811	1.41E-07	7.74E-07	7.50E-07
ASV2506	0.048562294	8.42E-07	8.82E-07	0.115837146
ASV225	5.76E-07	9.12E-07	0.050657501	4.86E-07
ASV60	0.177283516	1.41E-07	4.40E-07	0.069797891
ASV817	1.54E-07	1.39E-07	1.57E-07	5.46E-07
ASV764	0.141028496	1.78E-06	0.197581122	1.64E-07
ASV895	1.23E-07	0.06466285	0.049304758	1.27E-07
ASV171	1.34E-07	1.73E-07	0.233238428	1.68E-06
ASV918	0.158335085	6.27E-07	0.076854382	1.92E-07
ASV775	0.310874245	4.49E-07	1.61E-07	1.61E-07
ASV72	0.145302381	0.318312957	0.104432331	0.106645464
ASV1379	0.111415949	0.309153688	1.67E-07	1.27E-07
ASV396	0.289845161	0.203676582	1.60E-07	1.04E-06
ASV93	0.124587085	0.105720028	5.86E-07	0.052274873
ASV294	0.443225733	0.242008748	0.164552051	0.327807452
ASV166	1.65E-07	2.37E-07	0.137998804	0.120153254
ASV3	0.100205718	0.303023094	0.194290108	0.208945759
ASV189	0.068916262	0.233612925	0.039138346	1.60E-07
ASV696	1.83E-07	0.183067927	1.53E-07	0.098715613
ASV99	0.201552816	0.241593071	0.307577612	1.84E-06
ASV21	0.449998443	0.642866805	0.317292784	0.589916493
ASV31	0.176748699	0.337104925	0.212404637	0.284540135
ASV11	0.141610189	0.259219029	0.188025237	0.138194371
ASV1206	0.027958517	0.01803103	2.05E-07	7.98E-07
ASV199	0.355713009	0.237404009	0.272174956	0.370335289
ASV96	0.319538899	0.200806167	0.169517728	0.109265405
ASV1522	0.115051885	4.05E-07	3.23E-07	0.06453551
ASV75	0.032387867	0.066012865	1.87E-06	0.203333881
ASV405	0.2797452	0.208344317	1.73E-07	0.080211008
ASV474	0.036452001	0.073161757	7.86E-07	1.78E-06
ASV77	1.44E-07	1.59E-07	0.0937166	0.159946302
ASV780	1.59E-07	3.18E-07	1.38E-06	2.00E-07
ASV1027	1.61E-07	4.11E-07	1.85E-07	9.41E-07
ASV1117	1.62E-07	0.074307147	1.47E-07	1.54E-07
ASV1710	0.310873395	6.70E-07	0.083575559	0.180316909
ASV658	0.003244118	5.94E-07	2.96E-07	0.005549171
ASV552	0.104630666	1.13E-06	0.011292551	0.009144162
ASV1105	0.140898844	1.83E-06	3.83E-07	0.1640434
ASV4	0.095808174	0.005399937	0.107482883	0.010595782
ASV1429	1.19E-06	2.02E-07	2.00E-07	2.00E-07
ASV339	4.58E-07	0.121395127	1.30E-07	9.21E-07
ASV68	9.69E-07	1.44E-07	1.50E-07	0.078096794
ASV815	8.74E-07	1.56E-07	8.88E-07	0.093073521
ASV579	0.344583667	1.21E-07	0.014333023	1.49E-07
ASV73	0.057884368	0.233369083	0.194940135	0.330818719
ASV185	4.93E-07	1.44E-07	1.68E-07	1.55E-07
ASV284	9.64E-07	1.66E-07	1.38E-07	1.29E-07
ASV165	0.12895848	1.37E-07	6.47E-07	7.64E-07
ASV448	0.292445154	3.32E-07	0.121829389	0.273764192
ASV790	7.76E-07	1.44E-07	0.108755872	6.84E-07
ASV502	9.29E-07	1.58E-07	1.82E-06	1.29E-06
ASV1724	0.164738136	6.99E-07	0.089655696	1.50E-06
ASV365	0.050962136	0.197998225	1.70E-06	0.111673749
ASV1018	0.137753983	0.084929923	5.40E-07	0.074535758
ASV486	1.52E-07	0.255715094	2.05E-07	0.223826733
ASV595	1.78E-07	1.77E-07	0.106392399	1.98E-07
ASV149	1.61E-07	6.25E-07	1.01E-06	1.60E-07
ASV541	0.063516855	2.00E-07	0.004077339	1.01E-06
ASV635	3.73E-07	3.89E-07	0.017602102	0.04020733
ASV103	7.32E-07	0.045335811	0.183724455	0.097922219
ASV924	8.89E-07	1.73E-06	1.53E-06	1.55E-07
ASV662	7.89E-07	1.79E-06	0.012328229	1.32E-06
ASV641	0.09073147	7.42E-07	0.016900308	0.054214302
ASV158	0.099136102	1.95E-07	0.074058093	1.57E-07
ASV551	9.35E-07	1.35E-06	1.99E-07	2.01E-07
ASV381	0.289111016	1.59E-07	0.060957245	0.158228207
ASV720	0.001380569	5.68E-07	8.35E-07	0.065126327
ASV181	0.094102749	1.67E-06	6.84E-07	0.048407387
ASV644	0.132394094	1.42E-07	0.053370233	1.37E-07
ASV484	3.65E-07	1.55E-07	9.96E-07	0.004035207
ASV679	9.46E-07	1.50E-07	0.004844176	1.48E-07
ASV666	0.221922396	7.71E-07	0.129958637	0.289458111
ASV941	1.07E-06	0.08195542	1.83E-07	5.69E-07
ASV521	0.268244146	0.048440681	1.84E-07	6.80E-07
ASV439	1.55E-07	1.29E-07	1.02E-06	0.031007498
ASV711	4.02E-07	7.70E-07	0.078828876	0.06700017
ASV371	0.237965709	0.006827875	0.112613694	0.048586192
ASV261	0.232681029	2.04E-07	1.67E-07	0.364075279
ASV504	7.49E-07	0.2502224	1.91E-07	1.03E-06
ASV507	6.16E-07	2.00E-07	4.86E-07	0.058091971
ASV865	1.72E-07	1.96E-07	0.040688801	7.71E-07
ASV911	1.55E-07	0.387899341	2.04E-07	2.04E-07
ASV512	1.39E-07	4.21E-07	7.93E-07	1.51E-07
ASV303	9.88E-07	9.95E-08	0.008903385	6.55E-07
ASV459	1.67E-07	1.96E-07	2.11E-07	1.91E-07
ASV710	1.51E-07	0.008246621	0.084841444	0.189201923
ASV321	0.077562301	1.42E-07	1.84E-06	1.92E-07
ASV522	1.55E-07	1.38E-07	1.47E-07	0.247336708
ASV669	1.72E-06	1.62E-07	5.12E-07	1.44E-07
ASV167	0.118868518	1.29E-07	0.030371384	1.70E-07
ASV1075	5.60E-07	1.12E-06	4.14E-07	7.41E-07
ASV315	6.91E-07	4.02E-07	1.84E-07	0.164254709
ASV547	5.20E-07	2.05E-07	7.20E-07	6.92E-07
ASV240	0.221050869	6.88E-07	0.06380729	0.031977835
ASV684	0.085542354	5.52E-07	1.22E-07	0.165286746
ASV651	1.60E-06	1.65E-06	1.46E-07	1.53E-07
ASV511	1.88E-07	0.198089689	0.077838888	1.43E-07
ASV663	1.90E-07	2.01E-07	7.00E-07	2.00E-07
ASV544	1.91E-07	1.99E-07	0.017065875	8.85E-07
ASV515	1.65E-07	2.77E-07	0.136313788	5.04E-07
ASV205	1.38E-07	0.130940372	7.50E-07	1.40E-07
ASV989	0.030596525	1.16E-07	8.34E-07	0.173174317
ASV251	2.01E-07	1.35E-06	0.011330047	7.96E-07
ASV560	0.008419098	1.78E-07	1.87E-07	7.73E-07
ASV611	0.039773851	1.83E-07	2.08E-07	1.93E-07
ASV259	1.71E-07	9.03E-07	0.019634735	1.62E-07
ASV510	2.02E-07	NA	2.08E-07	1.99E-07
ASV125	0.075840185	7.78E-07	0.061116876	0.262662621
ASV513	9.63E-07	1.97E-07	2.01E-07	1.44E-07
ASV301	0.251334014	7.38E-07	8.28E-07	0.188227876
ASV57	0.097988851	4.46E-07	6.96E-07	0.095050654
ASV268	1.59E-07	1.64E-07	1.08E-06	1.60E-07
ASV500	1.07E-06	0.484308738	1.92E-07	2.05E-07
ASV656	4.05E-07	1.66E-07	9.83E-07	7.85E-07
ASV211	8.82E-07	0.012375893	1.07E-06	1.25E-07
ASV255	0.009856171	1.55E-07	2.21E-07	0.074957335
ASV636	5.25E-07	2.05E-07	0.026338723	6.69E-07
ASV343	4.54E-07	0.110094017	0.005505494	0.007812232
ASV415	1.62E-07	1.76E-07	8.70E-07	4.89E-07
ASV472	1.71E-07	6.35E-07	1.03E-06	7.81E-08
ASV671	4.74E-07	0.07195661	9.44E-07	2.00E-07
ASV397	4.15E-07	1.48E-07	0.214494368	1.16E-06
ASV54	0.039617994	0.157077391	0.003393575	0.500327285
ASV116	1.98E-07	7.42E-07	3.85E-07	0.014000944
ASV355	1.43E-07	6.56E-07	0.135410038	0.145718375
ASV770	2.01E-07	NA	2.01E-07	NA
ASV265	5.49E-07	5.54E-07	0.057965482	3.00E-07
ASV618	9.80E-05	4.53E-07	0.100337157	0.145019497
ASV642	0.129535975	1.96E-07	0.106280775	1.88E-07
ASV206	1.59E-07	1.49E-07	7.81E-07	0.299279438
ASV811	2.02E-07	2.04E-07	0.100654183	8.42E-07
ASV614	0.322898552	1.90E-07	0.112694885	8.34E-07
ASV417	7.02E-07	2.01E-07	3.10E-07	4.31E-07
ASV94	0.288257637	0.192551526	0.067001	0.030787268
ASV227	1.53E-07	0.056122254	9.50E-07	1.58E-07
ASV287	0.020053813	0.016212594	0.054360915	0.232377385
ASV130	2.05E-07	0.000441367	8.65E-07	0.579030644
ASV431	6.37E-07	6.46E-07	0.042220715	8.69E-07
ASV573	0.057790111	1.84E-07	1.72E-07	0.283480126
ASV207	0.401915469	0.004394972	0.032461393	7.19E-07
ASV670	9.77E-07	1.90E-07	9.25E-07	3.41E-07
ASV495	9.50E-07	1.26E-06	2.24E-07	9.65E-07
ASV70	1.05E-06	1.56E-07	0.006885956	6.11E-07
ASV65	0.0995192	1.60E-07	0.011243657	3.41E-07
ASV555	8.67E-07	5.05E-07	1.89E-07	NA
ASV201	2.63E-07	1.55E-07	1.84E-07	0.302878723
ASV154	0.073216032	6.29E-07	0.000301309	1.56E-07
ASV470	3.62E-07	1.85E-07	2.19E-07	0.169892013
ASV346	0.099504946	1.61E-07	9.39E-07	0.069392558
ASV449	1.65E-07	6.07E-07	9.54E-07	0.066193052
ASV485	8.22E-07	8.59E-07	2.19E-07	0.149075719
ASV285	1.59E-07	1.41E-07	8.55E-07	0.065603258
ASV478	1.48E-07	2.08E-07	0.05607706	1.58E-07
ASV325	0.059369843	0.171854908	0.072435846	0.07866041
ASV192	8.84E-07	0.074568051	0.048281623	1.39E-07
ASV588	6.93E-07	1.98E-07	8.77E-07	9.85E-07
ASV74	0.187274113	4.24E-07	0.041371469	8.83E-07
ASV76	1.49E-07	1.37E-07	0.014960347	1.41E-07
ASV462	1.81E-06	4.27E-07	7.95E-07	9.06E-07
ASV654	0.059840761	8.98E-07	1.42E-07	0.233395895
ASV373	0.152103879	8.32E-07	9.01E-07	1.61E-07
ASV383	0.237238273	1.60E-07	0.090466754	0.331185672
ASV493	1.48E-07	1.98E-07	8.90E-07	0.352340312
ASV318	0.35792661	1.91E-07	7.79E-07	5.96E-07
ASV731	2.02E-07	1.94E-07	9.49E-07	4.81E-07
ASV621	1.22E-06	2.01E-07	1.99E-07	4.55E-07
ASV665	0.007532787	1.75E-07	1.94E-07	1.94E-07
ASV22	0.152239012	5.42E-07	2.13E-07	0.537099282
ASV619	0.492978661	9.70E-07	8.48E-07	8.06E-07
ASV469	1.60E-07	2.06E-07	1.52E-07	3.48E-07
ASV584	0.074092041	2.02E-07	0.043869386	7.99E-07
ASV1236	0.133043096	2.05E-07	5.80E-07	0.014466198
ASV926	8.01E-07	1.08E-06	0.027950614	1.92E-07
ASV607	0.048553956	1.93E-07	1.59E-07	1.06E-06
ASV444	0.231757035	2.17E-07	0.100380868	0.016599027
ASV454	0.136915335	1.89E-07	2.43E-07	8.17E-07
ASV535	9.24E-07	2.00E-07	2.23E-07	2.08E-07
ASV693	1.15E-07	1.36E-06	0.073998571	2.01E-07
ASV615	8.43E-07	1.65E-07	9.96E-07	0.033750396
ASV1270	1.59E-07	7.35E-07	0.240927441	5.11E-07
ASV959	4.58E-07	1.51E-07	0.157105624	1.85E-06
ASV1933	0.074059836	1.49E-07	9.87E-07	1.84E-06
ASV91	0.021224424	1.60E-07	6.87E-07	0.048498519
ASV1059	1.39E-07	1.84E-07	7.12E-07	9.35E-08
ASV672	0.242409849	1.63E-07	1.33E-07	0.098770811
ASV196	0.008740493	1.50E-07	1.34E-07	3.34E-07
ASV334	1.68E-07	1.72E-07	1.53E-07	8.97E-07
ASV927	0.047443004	2.04E-07	5.29E-07	1.45E-07
ASV370	1.78E-07	1.20E-07	1.72E-07	0.09556042
ASV329	0.000914571	0.159198727	6.83E-07	9.13E-07
ASV1085	9.67E-07	7.06E-07	0.100636832	0.134301004
ASV1376	0.204896255	1.56E-07	0.186670313	0.158390265
ASV1984	4.98E-07	1.59E-07	1.38E-07	0.126365886
ASV768	1.65E-07	1.69E-06	0.155516347	1.10E-06
ASV2009	0.149135823	0.029743616	0.105098389	0.02485589
ASV14	0.100940636	1.38E-07	0.030028235	0.163182817
ASV933	0.0534724	5.21E-07	1.89E-07	7.93E-08
ASV1888	0.164227578	8.58E-07	3.80E-07	8.35E-07
ASV491	0.083674239	0.066752259	9.14E-07	0.029339018
ASV422	1.64E-07	0.004606096	0.124234164	1.52E-07
ASV188	9.27E-07	0.015882784	1.82E-07	5.17E-07
ASV1706	6.17E-07	7.22E-07	1.37E-07	0.172378562
ASV279	0.004166849	0.073946083	0.111150595	0.113637717
ASV311	0.006728582	1.23E-07	0.131044207	1.98E-07
ASV556	0.189136746	3.33E-07	1.53E-07	1.84E-06
ASV159	0.15751484	8.59E-07	0.072563552	0.098733118
ASV274	0.130371616	1.34E-07	0.233419464	0.156328152
ASV586	1.03E-06	7.48E-07	1.74E-07	0.312129015
ASV354	0.391267159	1.65E-07	0.036403228	0.36932712
ASV1654	9.65E-07	1.58E-07	1.83E-06	0.028951615
ASV887	0.183861894	3.05E-07	5.54E-07	0.063503353
ASV697	0.056439148	1.66E-07	0.268569984	0.226546452
ASV349	0.256861239	0.031423944	0.006127961	0.016149083
ASV427	1.62E-06	0.244059469	0.314659195	7.76E-07
ASV831	1.52E-07	0.407850104	0.230931088	7.99E-07
ASV401	0.109207379	0.35797841	0.095038851	1.38E-07
ASV566	0.118407116	0.120700867	0.179226667	1.46E-07
ASV234	6.75E-07	0.109423848	1.46E-07	1.24E-07
ASV414	3.21E-07	0.121369792	0.224072426	1.48E-07
ASV826	7.91E-07	0.125835399	1.76E-07	1.97E-07
ASV63	5.76E-07	1.46E-07	0.215555787	0.077446414
ASV1876	1.90E-07	0.025642233	0.043847992	1.35E-06
ASV755	0.041448264	1.32E-07	1.55E-07	1.35E-07
ASV705	1.58E-07	8.25E-07	1.49E-07	0.020906134
ASV320	0.097626141	7.44E-07	9.90E-07	0.061821837
ASV742	0.20457944	1.01E-06	1.42E-07	6.27E-07
ASV273	0.015728245	1.58E-07	1.47E-07	0.013874793
ASV1201	0.045030987	0.006207036	4.77E-07	1.48E-07
ASV1031	0.497958268	1.63E-06	3.95E-07	1.86E-07
ASV971	0.091119732	2.01E-07	4.31E-07	0.069747956
ASV338	1.04E-06	4.75E-07	1.99E-07	0.434489613
ASV1384	0.22768855	1.86E-06	7.38E-07	0.022749141
ASV531	0.168032403	0.026258284	0.040990375	5.26E-07
ASV367	8.14E-07	6.36E-07	0.029062166	3.04E-07
ASV438	9.58E-07	2.00E-07	9.26E-07	6.91E-07
ASV179	0.011712738	1.79E-07	2.15E-07	9.32E-07
ASV84	1.65E-07	2.50E-07	1.66E-06	0.159502293
ASV271	0.180081327	9.69E-07	2.13E-07	6.16E-07
ASV660	6.52E-07	2.00E-07	1.82E-07	0.004555836
ASV527	1.21E-06	1.87E-07	0.01384398	2.07E-07
ASV124	0.189626776	0.035131515	0.154362142	0.2328484
ASV131	0.267141529	1.60E-07	6.49E-07	0.252776327
ASV235	0.083857114	0.00601839	0.163245049	0.115636396
ASV480	0.123023661	1.97E-07	0.253748584	9.38E-07
ASV852	7.20E-07	8.20E-07	5.77E-07	1.99E-07
ASV455	7.01E-07	2.00E-07	0.283714544	1.75E-07
ASV390	1.31E-07	1.95E-07	0.011341834	1.65E-07
ASV95	0.066037752	2.86E-07	2.39E-07	7.93E-07
ASV306	2.01E-07	0.008428962	5.25E-07	1.97E-07
ASV281	2.96E-07	6.30E-07	1.95E-07	5.19E-07
ASV388	2.23E-07	2.26E-07	2.23E-07	1.92E-07
ASV508	1.76E-07	1.36E-06	1.68E-07	2.00E-07
ASV569	8.35E-07	5.27E-07	8.16E-07	1.95E-07
ASV175	1.10E-06	3.26E-07	2.11E-07	9.38E-07
ASV168	0.075489723	1.55E-07	0.118655176	0.048188101
ASV141	0.021571136	0.2433368	0.082902381	0.010548063
ASV395	9.36E-07	1.03E-06	1.08E-06	1.95E-07
ASV433	6.99E-07	9.73E-07	0.089507901	9.53E-07
ASV217	0.268189552	1.45E-07	0.131288151	8.29E-07
ASV683	0.154551573	1.01E-06	0.036812626	6.36E-07
ASV250	1.06E-06	4.09E-07	1.72E-07	1.51E-07
ASV464	0.006189841	2.11E-07	0.053481729	1.57E-07
ASV86	0.243749433	1.31E-07	1.81E-07	0.280407373
ASV117	0.081738469	1.41E-07	0.181322085	0.012508572
ASV126	0.181056674	6.18E-07	0.078884494	0.058635133
ASV376	0.069202955	1.93E-07	0.146798393	0.004298726
ASV709	0.110203039	0.069427621	1.63E-07	0.010185281
ASV176	0.26446046	0.162983164	0.132228111	0.449206671
ASV182	0.048437714	1.36E-07	0.025882775	0.19599221
ASV604	2.01E-07	2.00E-07	8.68E-07	1.59E-07
ASV28	0.028048714	0.069268002	1.84E-07	4.72E-07
ASV340	0.017640504	1.19E-06	2.15E-07	0.019606733
ASV876	2.51E-07	NA	2.02E-07	1.87E-07
ASV243	8.69E-07	NA	2.14E-07	2.05E-07
ASV160	0.052479981	2.00E-07	8.30E-07	1.75E-07
ASV399	1.98E-07	2.21E-07	2.12E-07	2.02E-07
ASV650	2.03E-07	2.00E-07	2.09E-07	2.03E-07
ASV763	NA	2.00E-07	2.23E-07	2.00E-07
ASV460	1.08E-06	1.76E-07	2.56E-07	1.06E-06
ASV638	6.88E-07	1.97E-07	2.13E-07	2.00E-07
ASV625	9.73E-07	2.55E-07	0.077941726	0.120462121
ASV262	7.84E-07	2.02E-07	2.13E-07	1.09E-06
ASV429	7.54E-07	2.00E-07	2.14E-07	2.00E-07
ASV132	0.15840905	1.47E-07	1.06E-06	0.031457287
ASV25	0.023461716	5.14E-07	0.011665742	0.046317156
ASV332	2.03E-07	NA	2.04E-07	2.00E-07
ASV616	6.84E-07	1.98E-07	1.92E-07	1.78E-07
ASV686	1.88E-07	NA	9.10E-07	4.56E-07
ASV676	7.71E-07	1.77E-07	1.88E-07	2.02E-07
ASV783	1.91E-07	2.02E-07	2.06E-07	2.00E-07
ASV27	0.063674707	1.38E-07	0.041014724	0.045084154
ASV53	0.033017845	6.10E-07	0.000513551	0.027956888
ASV554	1.99E-07	NA	2.17E-07	2.05E-07
ASV45	9.32E-07	1.53E-07	0.005090343	3.23E-07
ASV317	0.533207608	1.86E-07	0.074175462	1.88E-07
ASV985	9.52E-07	1.09E-06	1.56E-07	9.23E-07
ASV1043	1.51E-07	9.62E-07	8.22E-07	8.49E-07
ASV190	0.09983244	1.82E-07	0.094818268	0.076675376
ASV220	6.67E-07	1.01E-07	0.0637407	0.115656436
ASV224	0.171903209	2.02E-07	0.113430445	8.77E-07
ASV467	7.27E-07	1.86E-07	0.054343507	0.119822362
ASV368	5.02E-07	6.50E-07	0.00926626	0.025447664
ASV602	0.094012197	1.75E-07	2.21E-07	1.05E-06
ASV733	1.47E-07	6.60E-07	0.036221617	0.048769659
ASV146	6.07E-07	1.34E-07	1.54E-07	1.35E-07
ASV85	0.016699826	1.63E-07	0.082064692	7.44E-07
ASV348	5.13E-07	1.97E-07	1.84E-07	1.14E-06
ASV232	6.35E-07	2.10E-07	0.059690222	1.66E-07
ASV233	3.33E-07	1.40E-07	1.70E-07	1.60E-07
ASV540	1.80E-07	1.95E-07	7.71E-07	9.22E-07
ASV386	1.53E-07	4.29E-07	7.57E-07	0.061725695
ASV412	0.222312789	8.66E-07	1.01E-06	5.52E-07
ASV483	0.020886636	1.99E-07	5.74E-07	0.016855985
ASV928	0.169564399	7.59E-07	0.051266399	1.80E-07
ASV808	0.19893892	0.158077128	2.17E-07	0.004940954
ASV523	0.088476173	3.45E-07	1.71E-07	1.42E-07
ASV719	1.91E-07	2.00E-07	1.89E-07	1.88E-07
ASV854	5.06E-07	1.75E-07	7.98E-07	0.14769065
ASV447	1.47E-07	8.95E-07	1.47E-07	0.371727031
ASV305	0.247519206	4.21E-07	0.128628324	0.404918445
ASV885	1.76E-07	2.00E-07	0.000485497	9.38E-07
ASV754	1.99E-07	1.76E-07	2.02E-07	5.57E-07
ASV757	1.86E-07	1.35E-06	0.392840198	8.29E-07
ASV803	1.95E-07	0.175799945	1.88E-07	0.012148841
ASV647	6.01E-07	0.062148622	0.117242601	6.29E-07
ASV297	0.053713021	7.49E-07	0.039893821	1.75E-07
ASV479	0.037803979	6.31E-07	0.068113701	1.26E-07
ASV583	7.36E-07	0.378693932	8.60E-07	1.63E-07
ASV549	2.02E-07	1.34E-06	7.17E-07	4.81E-07
ASV256	0.014577741	1.49E-07	6.44E-07	1.86E-07
ASV732	1.96E-07	1.88E-07	1.99E-07	6.83E-07
ASV509	5.80E-07	1.71E-07	1.17E-06	1.67E-07
ASV487	0.003540016	1.86E-07	8.36E-07	1.45E-07
ASV592	1.02E-06	2.01E-07	7.28E-07	7.50E-07
ASV404	0.229873027	1.66E-07	2.65E-07	0.094017166
ASV518	6.06E-07	0.117798654	1.61E-07	1.73E-07
ASV382	1.47E-07	1.54E-07	1.77E-07	1.67E-07
ASV519	0.105683966	2.04E-07	2.22E-07	1.56E-07
ASV411	5.50E-07	0.071676936	8.93E-07	9.80E-07
ASV599	0.161848892	1.90E-07	7.08E-07	0.242360481
ASV424	6.27E-07	2.95E-07	0.076444273	0.125499502
ASV700	3.91E-07	8.35E-07	1.86E-07	4.92E-07
ASV680	0.085614327	1.95E-07	0.036537425	7.74E-07
ASV366	6.34E-07	4.04E-07	0.02040168	0.0518872
ASV633	7.31E-07	1.93E-07	0.026238781	6.72E-07
ASV476	0.064022114	1.88E-07	0.037567571	1.88E-07
ASV152	1.55E-07	6.15E-07	0.06424295	0.201015433
ASV738	1.43E-07	0.07195661	0.182742669	1.59E-07
ASV699	5.86E-07	1.34E-06	4.10E-07	0.194005682
ASV230	0.028760102	1.86E-06	1.23E-07	1.46E-07
ASV564	4.23E-07	3.70E-07	0.002884381	1.13E-06
ASV266	0.365890507	5.70E-07	0.102891686	9.99E-07
ASV812	2.01E-07	2.09E-07	2.03E-07	1.36E-06
ASV231	1.05E-06	1.77E-07	2.12E-07	1.94E-07
ASV151	0.101774234	5.92E-07	0.033674758	0.139648052
ASV891	1.97E-07	2.00E-07	NA	2.01E-07
ASV241	1.04E-06	1.92E-07	2.23E-07	0.183413598
ASV137	0.165269724	1.64E-07	2.34E-07	0.063585319
ASV351	0.052101849	3.42E-07	9.40E-07	3.11E-07
ASV353	4.49E-07	3.90E-07	1.83E-07	5.35E-07
ASV567	0.073007303	1.76E-07	2.22E-07	5.65E-07
ASV649	0.090387088	0.220296163	1.38E-07	0.108482045
ASV652	7.32E-07	8.99E-07	2.18E-07	7.67E-08
ASV506	6.39E-07	2.04E-07	0.080927668	1.54E-07
ASV345	7.54E-07	1.97E-07	1.05E-06	0.066541759
ASV643	2.06E-07	2.00E-07	2.06E-07	2.00E-07
ASV594	1.92E-07	1.36E-06	2.08E-07	1.87E-07
ASV296	9.53E-07	9.12E-07	2.16E-07	0.215669797
ASV526	2.01E-07	NA	2.03E-07	2.00E-07
ASV324	8.55E-07	0.203010512	2.22E-07	1.95E-07
ASV208	8.07E-07	7.06E-07	1.20E-07	8.24E-07
ASV291	0.063464375	4.76E-07	0.056972532	0.095827752
ASV347	1.69E-07	1.56E-07	0.160720073	4.74E-07
ASV622	1.90E-07	2.01E-07	2.10E-07	2.02E-07
ASV446	2.02E-07	1.58E-07	0.093537052	1.92E-07
ASV48	0.002546483	1.44E-07	0.025816055	0.021894143
ASV328	6.85E-07	6.95E-07	1.03E-06	9.67E-07
ASV734	NA	NA	2.07E-07	2.00E-07
ASV617	1.91E-07	2.01E-07	2.04E-07	0.070263114
ASV118	0.041102746	0.157720246	0.038484602	0.083800608
ASV488	1.89E-07	1.36E-06	1.93E-07	2.06E-07
ASV252	0.043093083	1.97E-07	2.17E-07	5.97E-07
ASV655	1.91E-07	2.00E-07	2.15E-07	1.86E-07
ASV899	2.00E-07	2.02E-07	2.08E-07	2.06E-07
ASV213	0.174541587	1.19E-06	0.010165763	1.00E-06
