CK	D	LN	LP	
fASV113	1.45E-07	0.120743905	0.015418847	8.61E-07
fASV149	0.03465848	1.46E-07	1.34E-07	0.209736859
fASV249	0.13571152	8.06E-07	0.375570152	5.55E-07
fASV115	0.409912941	0.124581228	0.028359383	0.195391077
fASV159	1.63E-07	2.24E-07	1.04E-06	2.00E-07
fASV122	1.79E-07	0.510541357	9.72E-07	1.86E-06
fASV154	9.79E-07	1.95E-07	0.465087107	0.000370437
fASV537	NA	NA	0.000336119	0.000336124
fASV97	1.56E-07	0.1101343	1.91E-07	0.090321758
fASV145	0.010252592	0.201593626	7.02E-07	5.01E-07
fASV126	0.003829703	0.148585789	1.03E-06	0.011720067
fASV476	0.000336119	0.000336124	NA	NA
fASV44	1.02E-06	0.250323139	0.073782374	0.119936571
fASV269	9.04E-07	1.11E-06	2.05E-07	2.11E-07
fASV216	1.95E-07	8.49E-07	0.000330268	0.000336119
fASV180	0.175300457	0.251715901	0.079025121	1.56E-07
fASV300	0.0501254	1.18E-06	0.072761027	0.08002236
fASV215	0.004835118	1.58E-07	0.076385217	0.135349093
fASV121	0.058008852	0.350062833	0.13803042	0.210044543
fASV123	2.76E-07	0.339685778	0.047980362	0.173629104
fASV280	0.072580194	0.071391969	0.068170931	3.73E-07
fASV236	9.29E-07	0.101700117	1.55E-07	0.205763124
fASV242	3.36E-07	2.56E-07	0.008957891	1.27E-07
fASV339	5.47E-07	0.063394166	1.99E-07	8.28E-07
fASV297	1.57E-07	2.74E-07	1.57E-07	0.085951606
fASV293	0.159525536	0.450559096	0.478872261	0.005763325
fASV95	3.90E-07	1.00E-06	1.07E-06	2.05E-07
fASV3	0.149127556	0.423625745	6.95E-07	1.48E-07
fASV70	0.238044672	0.355597869	0.072323395	1.97E-07
fASV60	6.41E-07	9.10E-07	0.026234563	1.62E-07
fASV12	1.88E-06	0.135019766	0.018692563	6.98E-07
fASV94	1.05E-06	0.24986877	9.37E-07	8.88E-07
fASV316	1.29E-06	9.43E-07	0.000326044	2.02E-07
fASV395	1.93E-07	0.000336124	0.511957986	0.000336119
fASV176	2.44E-07	0.138515137	0.033054789	1.49E-06
fASV186	0.005293464	0.30682324	2.74E-07	2.04E-07
fASV125	0.067834319	0.37179498	0.423209103	0.381717721
fASV329	0.108815889	0.040657434	0.058531382	0.302941439
fASV11	1.25E-07	1.31E-07	0.035512626	0.247946124
fASV21	0.108491307	0.168048811	1.37E-07	0.167514793
fASV19	0.135432262	0.173201298	0.082563393	0.0755921
fASV455	1.25E-06	0.000336124	1.21E-06	1.91E-07
fASV311	0.000334537	0.000336119	NA	0.0003326
fASV68	0.514289205	0.019768193	0.007227074	0.069960781
fASV34	0.017338106	0.390327019	1.52E-07	4.88E-07
fASV148	1.64E-07	0.415236872	1.81E-07	9.51E-07
fASV417	1.60E-07	0.057330209	8.21E-07	6.48E-07
fASV499	0.000336124	2.02E-07	5.43E-07	4.28E-07
fASV62	0.030823964	0.010768243	1.12E-06	0.087557181
fASV36	0.06264201	7.99E-07	0.111284304	2.50E-07
fASV588	0.000332917	NA	1.94E-07	0.000336119
fASV196	9.84E-08	0.478936994	2.01E-07	0.001096898
fASV88	2.02E-07	1.02E-06	7.58E-07	2.03E-07
fASV197	9.38E-07	0.000336119	2.02E-07	2.02E-07
fASV224	1.92E-07	0.000332849	1.96E-07	1.80E-07
fASV559	1.25E-06	NA	0.667221462	0.000336124
fASV273	0.337807847	0.350397717	0.160005864	1.59E-07
fASV65	0.342394366	0.168494136	0.18447487	0.017295358
fASV35	0.145835808	1.35E-07	0.178617949	1.44E-07
fASV228	1.19E-06	1.07E-06	7.73E-07	1.43E-07
fASV323	3.53E-07	2.01E-07	9.34E-07	8.75E-07
fASV509	1.28E-06	NA	NA	NA
fASV508	2.01E-07	8.94E-07	0.002406012	1.82E-07
fASV105	2.00E-07	0.013323104	2.02E-07	2.03E-07
fASV120	8.07E-07	2.06E-07	0.059702263	1.29E-07
fASV128	3.94E-07	0.1153678	6.94E-07	6.95E-07
fASV26	7.79E-07	0.024398021	0.000365218	0.017926566
fASV810	NA	NA	NA	NA
fASV510	0.000336119	0.000336119	0.000330459	NA
fASV327	1.97E-07	NA	NA	0.000336119
fASV378	NA	2.01E-07	NA	0.000332849
fASV112	4.43E-07	0.027404285	9.08E-07	1.38E-06
fASV590	NA	NA	NA	0.000336119
fASV257	0.000336124	NA	1.93E-07	0.000336119
fASV255	NA	NA	0.000336124	0.000336075
fASV337	0.000336119	NA	0.000336119	0.000336119
fASV291	4.66E-07	8.67E-07	2.01E-07	9.10E-07
fASV84	0.039642058	0.000336119	6.38E-07	1.95E-07
fASV158	1.65E-07	1.36E-07	0.015018726	1.94E-07
fASV100	0.106410089	1.06E-06	1.39E-07	0.122461497
fASV99	7.09E-07	0.093096005	3.35E-07	9.54E-07
fASV325	8.59E-07	2.05E-07	1.99E-07	1.96E-07
fASV246	1.97E-07	1.74E-07	1.56E-07	0.190693281
fASV310	1.02E-06	0.252407626	1.88E-07	1.96E-07
fASV391	2.00E-07	0.000368083	2.03E-07	0.000336119
fASV23	5.49E-07	0.397239112	0.225601165	0.01048199
fASV163	9.10E-07	0.000336007	NA	0.000336119
fASV178	0.346549101	0.075872911	4.80E-07	6.13E-07
fASV248	1.29E-06	NA	0.000335356	0.000336124
fASV464	0.000335129	NA	NA	0.000336119
fASV367	1.86E-07	9.86E-07	2.01E-07	1.96E-07
fASV517	NA	0.000336124	0.000336119	NA
fASV374	0.000332649	NA	0.000336119	NA
fASV37	8.92E-07	1.40E-06	6.28E-07	8.42E-07
fASV22	6.29E-07	0.086078741	0.044938428	1.47E-07
fASV57	5.90E-07	1.77E-07	1.96E-07	4.99E-07
fASV39	1.59E-07	1.78E-07	2.73E-07	9.00E-07
fASV25	1.60E-07	1.71E-07	1.92E-07	9.18E-07
fASV49	1.95E-07	1.34E-06	0.510036804	0.003573694
fASV9	0.274642242	0.362095642	8.54E-07	0.038946764
fASV31	5.15E-07	0.019452766	1.63E-07	6.89E-07
fASV78	1.65E-07	5.28E-07	1.32E-07	8.00E-07
fASV42	0.041741735	0.17293668	1.72E-07	0.234837633
fASV183	7.13E-07	0.431223221	2.02E-07	8.98E-07
fASV422	0.000336124	NA	NA	0.000336124
fASV411	0.000336119	NA	NA	0.000336124
fASV41	8.23E-07	0.303845808	6.11E-07	1.71E-07
fASV331	0.000336124	0.000336124	NA	NA
fASV440	NA	NA	0.000336124	NA
fASV165	1.96E-07	NA	0.000331481	1.79E-07
fASV187	NA	NA	9.57E-07	NA
fASV58	1.11E-06	6.79E-07	2.04E-07	2.00E-07
fASV80	0.008549855	0.474868891	1.65E-07	6.44E-07
fASV271	0.080204843	0.002798511	0.095247364	1.54E-07
fASV147	1.16E-06	0.038197319	0.012355769	1.45E-06
fASV332	0.000332649	NA	0.000336119	NA
fASV160	0.011738917	0.274226204	8.82E-07	3.85E-07
fASV106	0.000183309	1.13E-06	9.97E-07	9.79E-07
fASV111	3.74E-07	7.30E-07	2.01E-07	1.47E-07
fASV140	0.32570755	1.02E-06	0.704559418	5.87E-07
fASV185	2.05E-07	0.03658904	1.90E-07	5.33E-07
fASV127	0.097193925	1.47E-07	0.203349015	0.03387464
fASV91	0.47057018	0.062142008	1.54E-07	0.041549098
fASV376	2.03E-07	0.000336119	1.31E-06	1.25E-06
fASV67	0.103401678	0.826187959	0.280155511	1.87E-07
fASV222	6.41E-07	0.430290687	7.03E-07	1.58E-07
fASV138	0.028870275	0.080905228	1.77E-07	1.68E-07
fASV87	0.041227053	1.02E-06	0.302024439	0.108481513
fASV24	0.034132686	0.070758763	0.078440791	0.004977661
fASV86	1.10E-06	1.41E-07	0.103881963	1.08E-06
fASV76	0.291761296	0.282068694	1.97E-07	8.16E-07
fASV119	1.88E-07	0.186796141	9.60E-07	2.58E-07
fASV598	0.00033052	0.213898327	0.00033339	0.000336119
fASV90	1.90E-07	0.043936636	8.70E-07	1.63E-07
fASV166	1.95E-07	2.01E-07	1.22E-06	2.01E-07
fASV245	0.006476056	0.577054989	6.89E-07	2.15E-07
fASV136	5.77E-07	2.01E-07	0.049855455	1.63E-07
fASV13	1.71E-07	0.182520732	0.045430274	0.029355472
fASV167	0.201137664	7.33E-07	1.98E-07	7.95E-07
fASV10	0.000863735	1.29E-07	0.251995173	6.89E-07
fASV77	9.80E-07	1.16E-06	1.03E-06	7.26E-07
fASV29	9.49E-07	1.99E-07	9.97E-07	1.04E-06
fASV45	7.63E-07	1.88E-07	0.286516477	2.03E-07
fASV436	NA	NA	NA	NA
fASV43	1.58E-07	0.060071927	7.04E-07	2.86E-07
fASV102	0.099651737	1.96E-07	8.84E-07	0.034493886
fASV66	0.202671573	1.07E-06	1.70E-07	1.70E-07
fASV153	0.000330522	6.61E-07	0.166257595	7.77E-07
fASV109	9.93E-07	1.11E-06	2.01E-07	0.005996972
fASV162	3.84E-07	2.05E-07	0.034868152	1.21E-06
fASV64	0.004913173	0.071954661	1.79E-07	1.72E-07
fASV50	0.539318177	0.125294373	1.57E-07	9.02E-07
fASV239	NA	NA	0.000336124	0.00033562
fASV320	1.35E-07	1.01E-06	1.56E-07	0.077840528
fASV71	9.46E-07	0.605055218	1.11E-06	0.008450857
fASV130	0.067340638	0.186817743	0.014450998	5.94E-07
fASV15	0.031515938	0.211046008	0.09601952	1.22E-07
fASV17	0.02627026	0.219079951	1.50E-07	1.19E-06
fASV85	7.05E-07	0.034191714	0.012526266	1.60E-07
fASV6	0.121672163	1.65E-07	0.2204757	0.198401645
fASV53	0.024545297	1.66E-07	0.01172198	0.029861225
fASV81	2.09E-07	1.12E-06	0.002988916	0.032584618
fASV114	9.58E-07	1.67E-07	9.12E-07	9.90E-07
fASV135	8.91E-07	1.49E-07	3.02E-07	9.34E-07
fASV124	1.29E-06	0.415426412	9.01E-07	7.71E-07
fASV150	1.77E-07	1.58E-07	1.36E-06	1.02E-06
fASV506	0.000370437	0.276446194	1.26E-06	NA
fASV108	0.001801565	1.04E-06	4.63E-07	0.022188857
fASV152	8.91E-07	1.22E-06	8.60E-07	7.88E-07
fASV101	0.010183172	0.2097565	1.50E-07	0.007524858
fASV20	0.152075966	0.448202269	0.02790708	0.123205384
fASV7	0.272106767	0.324290537	0.077936571	9.73E-07
fASV243	0.000336124	NA	NA	NA
fASV8	1.20E-07	0.442793188	0.225530394	0.190092847
fASV5	1.20E-06	0.345805406	1.60E-07	1.55E-07
fASV2	6.74E-07	0.131071636	0.08353138	0.163106932
fASV1	0.055398883	0.581819136	0.293341198	0.162518105
fASV485	1.88E-07	0.000336119	0.061121252	1.84E-07
fASV319	1.36E-06	1.92E-07	6.15E-07	5.55E-07
fASV371	2.01E-07	0.000336119	0.000364841	0.000336119
fASV220	9.49E-07	0.006317199	1.49E-07	1.50E-07
fASV74	1.96E-07	0.000336075	0.000334182	0.000335376
fASV375	NA	NA	NA	NA
fASV14	1.96E-07	6.77E-07	1.88E-07	1.92E-07
fASV93	2.03E-07	0.000334996	0.000328272	0.000336119
fASV400	1.95E-07	1.07E-06	0.000334001	1.89E-07
fASV170	1.17E-06	0.061616128	9.70E-07	1.82E-06
fASV288	0.05687718	0.18994452	0.101461298	0.353580323
fASV258	0.125791154	0.557337092	0.032049113	6.60E-07
fASV386	9.62E-07	NA	1.81E-07	0.135447249
fASV451	0.000332864	0.000336119	1.99E-07	0.000336119
fASV569	0.00033291	NA	NA	NA
fASV301	0.000333349	2.01E-07	1.00E-06	NA
fASV98	4.76E-07	4.49E-07	1.52E-07	1.46E-07
fASV191	0.251162227	4.92E-07	7.89E-07	0.058789259
fASV214	4.65E-07	0.033904333	4.82E-07	0.135637879
fASV203	1.99E-07	1.90E-07	2.02E-07	1.21E-07
fASV175	1.93E-07	9.37E-07	1.82E-07	1.90E-07
fASV267	2.01E-07	1.02E-06	6.83E-07	NA
fASV318	8.61E-07	1.96E-07	6.40E-07	6.77E-07
fASV270	1.98E-07	8.69E-07	0.000332154	7.71E-08
fASV61	1.57E-07	0.285683139	0.09681585	9.84E-07
fASV322	1.25E-06	0.000334857	1.96E-07	3.58E-07
fASV40	8.14E-07	0.048675269	1.58E-07	1.42E-07
fASV30	1.77E-06	9.50E-07	0.005176109	1.62E-07
fASV27	0.380124401	0.38044518	7.66E-07	0.229070605
fASV103	0.060756196	0.328727635	0.026210516	1.49E-07
fASV155	1.57E-06	0.461912634	0.056816494	6.44E-07
fASV59	5.85E-07	0.014152068	1.31E-06	9.06E-07
fASV16	0.058990213	0.645011094	6.62E-07	0.123135595
fASV82	6.83E-07	1.71E-07	0.009964637	0.004515563
fASV380	NA	0.000336124	0.000331174	NA
fASV104	7.22E-07	6.13E-07	5.46E-07	6.30E-07
fASV523	NA	NA	NA	NA
fASV131	1.24E-06	0.053757567	7.83E-07	6.19E-07
fASV32	1.74E-07	0.117041308	1.54E-07	1.57E-07
fASV28	4.00E-07	0.017096879	0.259999058	2.75E-07
fASV192	1.46E-07	0.291094652	8.47E-07	0.004514261
fASV268	7.38E-07	1.64E-07	1.29E-06	0.625722961
fASV206	1.96E-07	1.06E-06	1.79E-07	1.91E-07
fASV349	0.000332922	NA	0.000336119	NA
fASV359	0.042232393	1.14E-06	8.28E-07	1.18E-06
fASV360	1.89E-07	9.00E-07	7.60E-07	9.08E-07
fASV252	1.48E-07	2.00E-07	0.000333852	0.000336124
fASV33	0.102756318	0.193041745	0.046565136	0.078995976
fASV139	1.01E-06	0.218213773	5.55E-07	0.082673753
fASV223	0.339342264	0.188343204	1.66E-07	1.04E-06
fASV189	1.40E-07	0.191160904	0.045859064	1.29E-07
fASV132	1.24E-07	1.18E-06	7.88E-07	0.023058594
fASV4	2.09E-07	0.39180985	0.127180685	1.30E-07
fASV47	0.37846557	7.69E-07	0.006665632	1.31E-06
fASV213	1.60E-07	4.93E-07	0.106891246	8.56E-07
fASV56	0.071522519	0.056824587	0.053913448	0.123176187
fASV194	0.057139779	9.76E-07	0.023699036	2.87E-07
fASV157	0.035276199	0.020148638	9.88E-07	3.88E-07
fASV96	0.108463336	1.03E-06	0.008359637	0.025124413
fASV202	1.39E-07	7.82E-07	0.345106808	0.302181805
fASV79	2.59E-07	0.008362464	0.002422885	1.38E-07
fASV18	0.39497227	0.005084316	6.49E-07	1.57E-07
fASV83	1.61E-07	0.105676098	9.90E-07	1.03E-06
fASV231	7.32E-07	0.054992258	6.28E-07	4.43E-07
fASV72	1.38E-07	0.5070179	0.28139278	2.04E-07
fASV55	0.006693344	1.14E-06	0.030454846	1.92E-07
fASV46	3.79E-07	0.199844562	0.024034391	1.58E-07
fASV173	0.199584734	NA	2.05E-07	NA
fASV69	1.56E-07	9.63E-07	7.54E-07	1.59E-07
fASV305	1.79E-07	2.01E-07	0.000331031	1.83E-07
fASV133	1.52E-06	0.157535161	9.47E-07	0.033134719
