CK	D	LN	LP	
Pseudomonadaceae	9.33E-07	0.231876111	0.199725542	1.11E-06
CCD24	3.04E-07	1.49E-06	1.59E-06	0.169862171
Steroidobacteraceae	9.94E-07	0.200475707	0.315822648	0.110739963
PLTA13	3.04E-07	1.50E-07	1.81E-07	0.207913237
Woeseiaceae	1.68E-07	0.082013744	0.342127225	0.131520769
Erwiniaceae	1.07E-06	1.38E-07	0.199595457	0.090076896
Enterobacteriaceae	0.017658619	0.148027947	1.57E-07	0.028083833
KI89A_clade	1.46E-07	0.328201028	0.331194633	9.83E-07
Moraxellaceae	4.77E-07	0.132885576	0.257020746	0.051124705
Xanthomonadaceae	0.155388596	0.104294673	6.92E-07	0.043418792
Rhodanobacteraceae	1.38E-07	1.62E-07	8.49E-07	1.38E-06
SC.I.84	0.02247906	0.182175196	0.108900445	0.150111642
A21b	0.117706823	0.195500294	0.011742139	0.162063342
Nitrosomonadaceae	0.064482671	0.189382217	8.50E-07	0.229536848
Methylophilaceae	0.436102017	0.113597636	0.197575035	0.07343716
TRA3.20	4.74E-07	1.33E-07	0.096707067	0.207614316
Sutterellaceae	0.048923071	0.183591429	1.60E-06	0.254691964
Comamonadaceae	0.173020859	0.106739502	3.51E-07	0.247595323
Burkholderiaceae	0.228996966	0.362423843	0.088443334	0.156030477
Oxalobacteraceae	0.281845265	0.173210567	0.18277215	0.179031548
X0319.6G20	0.156079856	1.29E-07	1.21E-07	0.115995579
Haliangiaceae	4.25E-07	0.047553092	0.224231695	0.142404579
Myxococcaceae	1.08E-06	1.31E-06	0.272925647	0.384560967
Sandaracinaceae	1.53E-06	0.074477339	0.080223087	0.412423995
mle1.27	0.21033267	0.135768921	0.049935031	0.185752514
BIrii41	0.005592915	3.04E-07	1.23E-07	0.211009484
Polyangiaceae	1.62E-06	3.90E-07	0.155647468	0.033290621
Bacteriovoracaceae	3.04E-07	0.140128287	8.43E-07	1.60E-07
Oligoflexales	0.302874598	0.338191372	0.32863229	0.139404165
Geminicoccaceae	0.221642349	0.154392759	0.315035266	0.212710952
Inquilinaceae	1.67E-07	1.23E-06	1.81E-06	1.03E-06
Sphingomonadaceae	0.003519401	0.232493467	0.081046401	0.283949821
Reyranellaceae	1.63E-06	0.169792407	0.282116089	0.159335006
Dongiaceae	1.40E-07	0.275955548	0.160412799	0.127355952
Azospirillaceae	0.009530002	0.392293614	3.04E-07	0.351124982
Methyloligellaceae	0.148041683	0.161514095	0.234212653	0.284228409
Hyphomicrobiaceae	0.087882423	0.181208199	0.339623472	0.313279868
Rhizobiales_Incertae_Sedis	0.169272277	2.07E-07	0.266502502	0.353070466
Devosiaceae	0.414321569	0.024686284	0.390346939	0.267589345
Caulobacteraceae	0.269695537	0.205270672	0.181851486	0.275392476
Beijerinckiaceae	4.81E-07	0.226881707	0.097669035	0.369619577
Xanthobacteraceae	0.061008045	0.526373237	1.88E-06	0.114972958
Rhizobiaceae	0.504801598	0.171759438	0.147848813	0.346056654
Rhodobacteraceae	0.230529839	6.94E-07	0.280583418	0.211445672
Geobacteraceae	0.0841789	0.007148366	0.195972186	0.294281596
bacteriap25	3.36E-07	0.225852765	0.245955279	0.201935198
RCP2.54	0.040582535	3.44E-07	0.191509478	0.074858517
WD2101_soil_group	1.22E-07	7.33E-07	0.153199285	0.193259307
Gemmataceae	3.04E-07	0.053027837	1.54E-06	0.182071624
Isosphaeraceae	0.110437692	0.220203657	1.56E-07	0.194476236
Pirellulaceae	1.22E-07	9.45E-07	1.74E-06	0.145231617
Rokubacteriales	1.34E-06	1.43E-07	0.201867736	0.090939754
WX65	0.173719705	1.59E-07	0.14772268	0.190125192
Nitrospiraceae	0.094301334	0.161524492	0.235438845	0.114503509
Thermoanaerobaculaceae	0.242413955	1.29E-06	0.238416681	0.100128971
Subgroup_7	0.123744105	0.005283023	0.321781634	0.16525623
Subgroup_25	0.184898703	5.52E-07	0.209336419	0.264407835
Vicinamibacteraceae	0.01892848	4.24E-07	0.127912116	0.390491725
Subgroup_11	9.03E-07	0.023135392	0.212460488	0.187516202
AKAU4049	0.166327193	1.03E-06	0.398656263	0.226515552
Subgroup_5	0.08686514	0.108168656	0.27842082	0.305074044
Rubrobacteriaceae	0.093795871	0.194050334	0.234211341	0.193469519
MB.A2.108	5.21E-07	1.35E-07	0.366325735	0.143588155
Streptosporangiaceae	1.23E-07	1.38E-07	0.216932589	0.371623353
Glycomycetaceae	0.105610298	0.026407377	0.24002023	0.102600583
Propionibacteriaceae	1.03E-06	0.241539649	0.173232526	0.314095205
Nocardioidaceae	0.117296475	1.88E-06	0.335302504	0.128732151
Catenulisporaceae	0.201330976	0.129562813	0.272526176	0.402369316
Actinospicaceae	0.597949781	0.253562024	0.548692988	0.417386788
Micromonosporaceae	1.53E-07	1.02E-06	0.111131343	0.088025392
Pseudonocardiaceae	0.207672241	1.39E-07	0.302172327	0.049542467
Nakamurellaceae	0.162340894	0.114693036	0.04160634	1.42E-07
Geodermatophilaceae	7.42E-07	1.80E-06	0.473416278	0.115618308
Sporichthyaceae	1.24E-07	0.134984253	0.141633051	0.143446351
Streptomycetaceae	0.070364026	0.094549817	0.186340616	0.127609476
Thermomonosporaceae	1.62E-07	0.091011115	0.284681093	6.51E-07
Microbacteriaceae	0.182977743	1.60E-06	0.116330257	0.082733417
Cellulomonadaceae	2.64E-07	0.192896916	3.04E-07	7.12E-07
Promicromonosporaceae	0.045273324	5.42E-07	0.219282982	1.65E-07
Micrococcaceae	0.120079241	0.179177548	0.202290692	0.303288371
Intrasporangiaceae	1.04E-06	4.98E-07	0.027522477	0.223761178
Mycobacteriaceae	6.47E-07	0.067755316	0.38291903	0.181346515
Nocardiaceae	1.15E-06	4.98E-07	0.331426599	0.179496524
X0319.7L14	0.142833521	0.15286019	0.307144013	0.250672796
Ilumatobacteraceae	6.52E-07	1.79E-06	0.377604996	3.92E-07
Iamiaceae	1.76E-06	0.030643198	0.365084786	0.030797414
IMCC26256	1.25E-07	0.011385697	0.121135492	0.130696786
Solirubrobacteraceae	0.073969128	1.46E-07	0.467001344	0.12213348
X67.14	0.096091852	2.03E-07	0.401435851	0.067163928
Gaiellaceae	0.203598009	0.069048328	0.403338597	0.102015305
Blastocatellaceae	1.22E-07	0.0175203	1.66E-07	0.305917689
Pyrinomonadaceae	0.02050122	1.34E-07	1.61E-07	0.350538208
X11.24	0.02650333	0.071653457	1.81E-06	0.202897303
Fibrobacteraceae	3.04E-07	0.236519446	1.62E-07	0.012807153
Nostocaceae	1.66E-06	0.168622934	1.56E-07	0.287910393
Entotheonellaceae	1.64E-06	0.272480178	0.03704908	0.15138381
Microscillaceae	5.95E-07	1.33E-07	8.57E-07	0.173239803
Sphingobacteriaceae	0.141222265	0.018054659	0.331394736	0.0322594
Chitinophagaceae	0.056801238	0.180117071	0.212608718	0.242806559
Bacteroidaceae	0.000333354	0.000331356	1.96E-07	1.14E-06
Hymenobacteraceae	1.45E-06	0.180998413	0.169796368	0.20952046
Bryobacteraceae	1.40E-06	0.158319827	1.31E-07	0.479757754
Solibacteraceae	1.41E-07	0.178513802	0.070065676	0.241591962
Opitutaceae	0.272333042	1.53E-07	8.89E-07	0.127962049
Pedosphaeraceae	1.56E-06	1.56E-07	1.72E-06	0.236228102
Xiphinematobacteraceae	0.130796483	0.005958502	2.11E-07	0.313481892
Chthoniobacteraceae	1.68E-06	0.10845302	0.013284079	0.388478955
Rubritaleaceae	0.291646751	3.04E-07	0.069563226	0.164701235
Alicyclobacillaceae	1.30E-07	0.068918214	1.46E-06	0.186406418
Planococcaceae	0.255274631	0.286277567	0.192745829	0.276471638
Bacillaceae	0.040959507	0.006121021	0.145266968	0.40719306
Lactobacillaceae	1.96E-07	1.89E-07	0.059771009	2.09E-07
Enterococcaceae	2.01E-07	0.000336119	7.39E-07	0.105761594
Clostridiaceae	3.04E-07	0.455213905	0.092517664	0.176179766
Gracilibacteraceae	1.56E-07	0.275247944	0.171721547	0.251709792
S085	0.046800149	0.073734298	0.106172716	0.309882172
Anaerolineaceae	2.00E-07	1.17E-06	0.286996072	0.291526322
Gitt.GS.136	0.009849306	4.61E-07	0.217177653	0.197045716
KD4.96	1.46E-07	0.009454945	0.295903948	0.276962593
Herpetosiphonaceae	0.304864334	0.101526884	1.63E-07	0.042287376
AKYG1722	0.074583609	0.389561634	0.210059934	0.177376383
Roseiflexaceae	0.354390026	0.108659853	3.04E-07	0.25857247
JG30.KF.CM45	1.70E-07	0.090763255	3.04E-07	0.14815241
TK10	1.02E-06	0.05346238	0.368441581	0.339566579
Gemmatimonadaceae	1.80E-06	1.03E-06	0.106089511	0.207472091
S0134_terrestrial_group	1.52E-06	0.229736571	0.313604685	0.243548045
Thermoactinomycetaceae	4.47E-07	0.099025414	4.89E-07	0.069169358
Desulfitobacteriaceae	1.84E-06	1.57E-07	0.160049859	0.087239286
Paenibacillaceae	0.053529392	0.101032493	0.302506851	0.366955467
Limnochordia	0.106651411	1.71E-06	0.149906658	1.62E-07
Lachnospiraceae	1.50E-07	0.17069105	0.122763075	0.237633104
