CK	D	LN	LP	
Apodus	2.42E-07	8.46E-07	0.014554145	0.402621673
Schizothecium	0.259337263	0.514297664	0.161248809	0.39899815
Dichotomopilus	6.91E-07	0.510506875	9.70E-07	1.85E-06
Trichocladium	1.56E-07	0.1101343	1.91E-07	0.090321758
Humicola	0.043235886	0.199407798	6.99E-07	6.32E-07
Chaetomium	1.02E-06	0.250323139	0.073782374	0.119936571
Botryotrichum	0.021284785	1.92E-07	0.040688474	2.12E-07
Botryoderma	0.149475584	0.42030327	5.88E-07	1.44E-07
Gelasinospora	1.29E-06	9.43E-07	0.000326044	2.02E-07
Nigrospora	1.93E-07	0.000336124	0.511957986	0.000336119
Truncatella	2.44E-07	0.138515137	0.033054789	1.49E-06
Ophiosphaerella	0.108815889	0.040657434	0.058531382	0.302941439
Fusidium	1.25E-07	1.31E-07	0.035512626	0.247946124
Chaetosphaeria	0.000334537	0.000336119	NA	0.0003326
Chloridium	1.64E-07	0.415236872	1.81E-07	9.51E-07
Myrmecridium	0.052347252	1.60E-07	1.05E-06	0.174922933
Seychellomyces	0.000332917	NA	1.94E-07	0.000336119
Cephalotrichum	9.84E-08	0.478936994	2.01E-07	0.001096898
Phaeoacremonium	9.10E-07	8.32E-07	9.80E-07	7.92E-07
Kernia	1.25E-06	NA	0.667221462	0.000336124
Periconia	0.36625594	0.18018767	0.22057614	0.005850964
Exophiala	0.145835808	1.35E-07	0.178617949	1.44E-07
Cladosporium	1.19E-06	1.07E-06	7.73E-07	1.43E-07
Mycosphaerella	3.53E-07	2.01E-07	9.34E-07	8.75E-07
Neobulgaria	2.01E-07	8.94E-07	0.002406012	1.82E-07
Minimedusa	8.64E-07	0.007972355	1.46E-07	1.24E-06
Solicoccozyma	7.33E-07	0.14010635	1.84E-07	0.021201987
Phlyctochytrium	4.43E-07	0.027404285	9.08E-07	1.38E-06
Scutellinia	0.000336124	NA	1.93E-07	0.000336119
Byssonectria	NA	NA	0.000336124	0.000336075
Ochroconis	4.66E-07	8.67E-07	2.01E-07	9.10E-07
Mortierella	0.137515057	0.018019995	3.80E-07	0.050412475
Udeniozyma	0.346549101	0.075872911	4.80E-07	6.13E-07
Mrakia	0.000335129	NA	NA	0.000336119
Tausonia	1.86E-07	9.86E-07	2.01E-07	1.96E-07
Rhizophydium	NA	0.000336124	0.000336119	NA
Geastrum	0.000332649	NA	0.000336119	NA
Waitea	7.58E-07	0.107634545	2.14E-07	1.46E-07
Thanatephorus	1.59E-07	1.72E-07	4.28E-07	9.10E-07
Rhizopus	0.274642242	0.362095642	8.54E-07	0.038946764
Clitopilus	1.67E-07	0.03331879	1.63E-07	7.16E-07
Tubaria	7.13E-07	0.431223221	2.02E-07	8.98E-07
Ganoderma	0.000336119	NA	NA	0.000336124
Sistotrema	8.23E-07	0.303845808	6.11E-07	1.71E-07
Syncephalis	1.94E-07	NA	1.19E-06	1.84E-07
Setophoma	0.008549855	0.474868891	1.65E-07	6.44E-07
Paraphoma	0.080204843	0.002798511	0.095247364	1.54E-07
Setophaeosphaeria	1.16E-06	0.038197319	0.012355769	1.45E-06
Leucothecium	0.000332649	NA	0.000336119	NA
Setosphaeria	0.000183309	1.13E-06	9.97E-07	9.79E-07
Paraphaeosphaeria	3.74E-07	7.30E-07	2.01E-07	1.47E-07
Neoroussoella	0.32570755	1.02E-06	0.704559418	5.87E-07
Simplicillium	0.103401678	0.826187959	0.280155511	1.87E-07
Sarocladium	0.186879912	0.053407393	0.223657715	0.056847656
Paramyrothecium	0.291761296	0.282068694	1.97E-07	8.16E-07
Achroiostachys	0.006476056	0.577054989	6.89E-07	2.15E-07
Monocillium	5.77E-07	2.01E-07	0.049855455	1.63E-07
Clonostachys	1.71E-07	0.180785048	0.045379892	0.028784996
Acremonium	0.005977624	2.72E-07	0.24272852	8.87E-07
Aspergillus	7.63E-07	1.88E-07	0.286516477	2.03E-07
Penicillium	0.137170938	7.96E-07	0.321552125	0.301871271
Arachnomyces	0.000370437	0.276446194	1.26E-06	NA
Talaromyces	0.217977036	0.47644492	0.35807209	0.228358979
Gymnoascus	1.88E-07	0.000336119	0.061121252	1.84E-07
Ciliolarina	2.01E-07	0.000336119	0.000364841	0.000336119
Pseudeurotium	1.97E-07	3.57E-07	1.89E-07	8.26E-08
Chrysosporium	1.95E-07	1.07E-06	0.000334001	1.89E-07
Pseudogymnoascus	1.17E-06	0.061616128	9.70E-07	1.82E-06
Remersonia	0.000333349	2.01E-07	1.00E-06	NA
Tetracladium	0.185308002	1.55E-07	1.37E-07	0.081450099
Colletotrichum	8.61E-07	1.96E-07	6.40E-07	6.77E-07
Striatibotrys	1.98E-07	8.69E-07	0.000332154	7.71E-08
Hydropisphaera	1.57E-07	0.285683139	0.09681585	9.84E-07
Gliomastix	8.05E-07	0.048775408	1.58E-07	1.42E-07
Metacordyceps	0.380124401	0.38044518	7.66E-07	0.229070605
Trichoderma	8.49E-07	0.363129255	6.59E-07	1.54E-07
Volutella	0.042232393	1.14E-06	8.28E-07	1.18E-06
Fusicolla	0.095700609	0.191664079	0.044115335	0.078656536
Fusarium	2.13E-07	0.39568594	0.10253333	1.32E-07
Nectria	0.035276199	0.020148638	9.88E-07	3.88E-07
Thelonectria	1.39E-07	7.82E-07	0.345106808	0.302181805
Metarhizium	2.59E-07	0.008362464	0.002422885	1.38E-07
Emericellopsis	0.394823959	0.005054302	6.48E-07	1.57E-07
Lecanicillium	0.006078855	0.031173502	0.036741837	1.88E-07
Scytalidium	3.79E-07	0.199844562	0.024034391	1.58E-07
Valsonectria	0.199584734	NA	2.05E-07	NA
Niesslia	1.56E-07	9.63E-07	7.53E-07	1.59E-07
Purpureocillium	1.52E-06	0.157535161	9.47E-07	0.033134719
