CK	D	LN	LP	
Apodus	0.12165127	9.39E-07	0.449683705	0.167041079
Schizothecium	0.600704394	0.503756061	0.515769485	0.638760998
Dichotomopilus	0.617172943	0.414274335	0.028315361	0.107049649
Trichocladium	0.645177442	0.516593399	0.610928793	0.673265007
Humicola	0.591823502	0.597139393	0.057301934	0.079837182
Chaetomium	3.54E-07	1.98E-07	0.247879725	9.66E-07
Botryotrichum	0.158647402	0.323281052	1.15E-06	8.09E-07
Botryoderma	0.106266745	0.005544762	0.50975772	1.82E-07
Gelasinospora	0.075004369	0.174111043	0.255689874	0.139331176
Nigrospora	0.35532414	0.003163217	0.504278079	0.558451087
Truncatella	0.47755402	0.374144929	0.517591436	0.680246605
Ophiosphaerella	4.64E-07	4.98E-07	0.28681014	1.32E-07
Fusidium	0.102481483	0.139093362	0.268731791	0.302566768
Chaetosphaeria	0.345878879	0.070454499	0.318490143	0.133284172
Chloridium	0.27315034	0.01926835	0.481215488	0.139992479
Myrmecridium	0.034950583	0.13979687	0.01860917	0.015977034
Seychellomyces	0.062939298	0.245765848	0.282516178	0.715917832
Cephalotrichum	0.030532359	1.93E-07	0.032843435	0.039540345
Phaeoacremonium	0.014813661	0.464296008	0.340553375	0.010293942
Kernia	0.285736203	0.499578801	9.43E-07	0.265202954
Periconia	0.178199435	0.52943307	0.016554213	0.466242414
Exophiala	0.192065962	0.427764006	0.161966978	0.634535254
Cladosporium	1.69E-07	0.038844232	1.54E-07	0.019264325
Mycosphaerella	0.204249589	0.392337318	0.162549153	0.440808896
Neobulgaria	0.237142823	0.348073232	0.56903594	0.489190978
Minimedusa	2.81E-07	0.51996612	0.087211739	0.170879241
Solicoccozyma	0.83982166	0.481659819	0.775099246	0.626384879
Phlyctochytrium	2.11E-07	0.130134432	0.377930233	9.82E-07
Scutellinia	0.229915346	0.305640093	1.05E-06	0.328411512
Byssonectria	0.007851134	0.152689053	0.479623362	0.424329523
Ochroconis	0.645863627	0.385576891	0.620227736	0.676953204
Mortierella	0.350657025	0.583379151	0.540931788	0.635411539
Udeniozyma	0.413773973	0.550811746	0.228335119	0.381276485
Mrakia	0.27850513	0.243660061	0.251512362	0.532313558
Tausonia	1.46E-07	0.015619182	1.99E-07	0.02727847
Rhizophydium	0.1846126	0.053018156	0.01236209	0.212815302
Geastrum	0.065642559	0.005242955	0.414735902	0.315764219
Waitea	0.215448662	6.49E-07	1.62E-07	1.98E-07
Thanatephorus	0.007462984	0.146708892	0.054038492	0.712241997
Rhizopus	0.573598686	0.359154029	0.452062773	0.544713328
Clitopilus	0.22744461	2.42E-07	1.19E-06	6.46E-07
Tubaria	0.055548463	6.20E-07	9.91E-07	0.230282566
Ganoderma	0.623759726	0.66567558	0.296050208	0.433450386
Sistotrema	5.97E-07	0.116595378	9.78E-07	2.05E-07
Syncephalis	0.571518944	0.562272764	0.268857361	0.367857793
Setophoma	1.78E-07	0.028714919	3.59E-07	0.443434942
Paraphoma	2.01E-07	0.03769053	0.540025926	0.437251154
Setophaeosphaeria	0.005138308	0.033645793	0.014256787	0.495473746
Leucothecium	0.048976265	0.489683624	0.158073735	0.504935094
Setosphaeria	9.37E-07	0.034871145	1.89E-07	1.62E-07
Paraphaeosphaeria	0.067471395	0.005534835	6.15E-07	1.80E-07
Neoroussoella	0.636516998	0.386560199	0.338590281	0.397561555
Simplicillium	0.050190877	0.004450999	1.91E-07	9.30E-07
Sarocladium	0.20510762	0.190065764	0.065391501	0.031346912
Paramyrothecium	0.007643963	0.288093366	0.217126178	0.055446177
Achroiostachys	0.002203351	0.03925225	4.30E-07	7.42E-07
Monocillium	0.041459677	0.601556363	0.483703791	0.378246893
Clonostachys	0.138626701	0.19819763	0.149095279	0.328810579
Acremonium	0.205095116	1.27E-07	0.02150351	0.064040516
Aspergillus	0.044861113	1.18E-06	0.7074576	3.47E-07
Penicillium	8.56E-07	0.397777714	0.181454765	0.192490574
Arachnomyces	0.302032986	0.155445035	0.318499244	1.31E-06
Talaromyces	0.50559593	0.474161867	0.579308939	0.611660763
Gymnoascus	0.225465496	0.467565583	0.684845405	0.502469151
Ciliolarina	0.240214524	0.483746366	0.260324414	0.745341586
Pseudeurotium	0.695555491	0.770128733	0.74846953	0.80411292
Chrysosporium	0.18670747	0.406556779	0.469192658	0.2455989
Pseudogymnoascus	0.08345003	0.231697963	1.99E-07	0.048480055
Remersonia	0.402090953	8.96E-07	0.020641286	0.00468843
Tetracladium	0.61791161	0.593139779	0.69222945	0.766788905
Colletotrichum	0.093111704	0.033259776	0.155019228	0.175519129
Striatibotrys	0.749611634	0.669143933	0.426383236	0.518726449
Hydropisphaera	2.07E-07	0.080409944	4.74E-07	0.056603221
Gliomastix	0.486900737	0.017232335	0.113221003	1.88E-07
Metacordyceps	0.391181905	0.265474121	0.295487541	0.137431911
Trichoderma	0.047460262	0.108381109	1.54E-07	1.56E-07
Volutella	1.34E-07	0.037483217	0.010267329	1.10E-06
Fusicolla	0.714426518	0.345752868	0.612136543	0.605818528
Fusarium	0.182036611	0.182450503	0.267612087	0.106600308
Nectria	0.705178027	0.640741288	0.788241632	0.65825518
Thelonectria	0.741323404	0.266817862	0.10520444	0.132565953
Metarhizium	1.02E-06	5.62E-07	0.240849245	0.062628757
Emericellopsis	0.006795583	0.023750453	0.037813602	1.67E-07
Lecanicillium	7.85E-08	1.94E-07	0.022111442	0.148482677
Scytalidium	1.66E-07	0.082302918	0.056201993	1.16E-06
Valsonectria	2.01E-07	0.088358197	0.205360821	0.021559541
Niesslia	0.124062521	1.47E-07	0.26647144	0.072772496
Purpureocillium	1.50E-07	0.04151121	0.012761675	0.472128518
