CK	D	LN	LP	
ASV183	6.97E-07	3.76E-07	0.070114522	1.68E-07
ASV813	0.163034021	0.17894793	1.09E-06	0.100745478
ASV418	8.17E-07	1.53E-07	0.124496017	0.017885407
ASV1061	0.004991731	0.146546785	0.187687943	9.36E-07
ASV236	3.04E-07	1.49E-06	1.59E-06	0.169862171
ASV724	8.26E-07	7.29E-07	2.30E-07	0.056357363
ASV430	3.04E-07	1.41E-07	0.232749088	0.117917416
ASV1065	8.27E-07	0.170843232	0.13207645	0.05496316
ASV759	3.04E-07	1.30E-07	0.259058954	1.11E-06
ASV341	1.73E-06	0.222445717	0.173731994	0.033039792
ASV61	0.040354143	0.291249435	0.317737355	0.143998933
ASV823	0.00870784	1.54E-07	0.208480139	0.005344785
ASV497	4.64E-07	0.038235289	2.76E-07	1.49E-07
ASV52	3.04E-07	0.1503331	0.318126637	0.106345134
ASV925	6.94E-07	0.287512471	0.151528469	0.150613032
ASV929	2.44E-07	0.027075521	0.196047629	0.303861888
ASV1453	0.083155423	0.119846575	1.27E-07	0.009746534
ASV229	3.04E-07	9.41E-07	1.56E-06	0.170641913
ASV394	3.04E-07	0.026756987	0.371150395	0.183953571
ASV723	1.68E-07	0.082013744	0.342127225	0.131520769
ASV202	1.07E-06	1.38E-07	0.199595457	0.090076896
ASV193	0.017658619	0.148027947	1.57E-07	0.028083833
ASV681	1.46E-07	0.328201028	0.331194633	9.83E-07
ASV1551	4.77E-07	0.132885576	0.257020746	0.051124705
ASV248	0.233691365	4.27E-07	0.165819578	1.24E-06
ASV108	0.193681747	1.84E-06	1.21E-07	0.104054695
ASV295	0.1633601	1.01E-06	1.51E-07	0.215891787
ASV275	0.1919662	0.07416144	1.15E-06	0.287727662
ASV442	3.06E-07	0.119241191	1.23E-06	0.126012884
ASV64	0.257071479	0.076127362	7.25E-07	1.02E-06
ASV1012	1.75E-06	0.213567527	0.105491305	0.14670017
ASV314	0.083206579	0.170744259	0.381619569	0.105335681
ASV35	0.274999027	0.14852562	1.83E-06	1.30E-07
ASV539	0.089966929	0.070950396	5.32E-07	0.147653237
ASV1214	9.46E-07	1.39E-07	0.001413845	9.13E-07
ASV939	0.366909375	0.06506646	0.318235249	0.307315169
ASV1245	1.31E-07	1.81E-06	0.129274672	0.250252471
ASV107	1.21E-07	1.80E-06	1.50E-07	1.46E-07
ASV750	0.16959407	0.292734685	0.108580927	0.101721661
ASV703	1.32E-07	1.59E-07	0.151383448	1.59E-07
ASV728	9.35E-07	1.47E-06	0.106435445	2.99E-07
ASV646	0.122010771	1.25E-07	0.046762929	0.193860257
ASV667	3.92E-07	2.59E-07	0.265975302	0.155811319
ASV136	0.135968708	0.22378412	0.059900053	0.138311041
ASV440	1.44E-06	0.047757571	0.297028791	0.193326782
ASV129	1.52E-06	0.057550455	0.129585574	0.11094
ASV393	1.40E-07	2.05E-07	0.126578394	0.088126361
ASV561	0.202177376	0.14487947	1.56E-07	0.334190898
ASV624	1.89E-06	8.14E-07	0.268966259	0.180576334
ASV726	1.31E-07	0.080185716	0.176797697	0.298311877
ASV553	0.302382594	0.161608051	0.051616091	6.16E-07
ASV435	4.30E-07	0.117332723	0.138658951	0.070158286
ASV453	0.282595864	0.064717177	1.64E-06	0.230893009
ASV407	0.436102017	0.113597636	0.197575035	0.07343716
ASV587	0.133788354	0.207748883	0.011285391	1.46E-07
ASV436	0.149615746	1.35E-07	1.70E-07	0.266008606
ASV441	4.74E-07	1.33E-07	0.096707067	0.207614316
ASV542	0.107431227	0.136013634	2.99E-07	0.015377808
ASV787	0.25783468	0.10879441	8.61E-07	1.14E-06
ASV580	1.48E-07	0.027770438	0.174863918	0.100988875
ASV1328	1.40E-06	0.126471655	0.182973521	0.020055333
ASV319	0.048923071	0.183591429	1.60E-06	0.254691964
ASV629	9.37E-07	0.300379488	0.157656645	0.157796903
ASV237	0.023242216	0.320319634	0.158964829	0.397944902
ASV310	1.48E-07	1.31E-07	0.073734707	0.363961803
ASV300	0.268127976	0.204369223	0.34940536	0.256445761
ASV335	0.447349602	0.099503309	0.148326735	0.269817905
ASV156	1.87E-07	0.021772255	0.20619348	1.37E-06
ASV1386	2.98E-07	1.58E-07	3.39E-07	0.062329511
ASV263	0.170544801	1.38E-07	0.290622912	7.02E-07
ASV134	0.109651076	0.085464395	1.68E-06	0.224607748
ASV434	0.265735632	0.211021776	0.066196284	0.073645014
ASV675	0.014351451	0.189548729	0.118805114	0.055579018
ASV32	0.395649551	4.06E-07	0.287521507	0.358044808
ASV272	0.027519383	3.53E-07	0.300902439	1.89E-06
ASV445	0.024674681	0.114894782	0.090001206	0.358600107
ASV161	0.246849333	1.15E-06	0.089037141	0.263650145
ASV648	0.003047506	0.03934156	0.190958979	0.240935364
ASV144	0.239882101	6.52E-07	1.64E-07	0.411249795
ASV563	0.067858327	0.298143761	0.002806	0.28262006
ASV19	1.30E-07	0.093943666	0.175610534	0.095100249
ASV286	1.36E-07	0.113444704	0.028304622	0.15247035
ASV36	3.04E-07	0.16659355	0.367943833	0.104954933
ASV162	1.45E-07	0.195291906	0.076092037	0.208443842
ASV163	0.14587191	0.193682799	0.121492765	0.310429482
ASV113	0.132753549	0.210273476	0.116110059	1.85E-07
ASV80	0.249106043	0.155991111	1.79E-06	0.037351485
ASV688	1.53E-06	0.247146903	0.085315764	0.13205299
ASV1396	0.137350417	1.77E-06	4.93E-07	0.131893922
ASV1211	0.052827766	7.26E-07	1.35E-06	0.341909032
ASV105	1.72E-06	0.101271707	0.359477693	1.85E-06
ASV409	0.310880865	0.229765134	0.182700104	0.352350616
ASV984	0.00023053	0.151937921	0.160403779	0.067610185
ASV82	0.122996538	1.32E-07	1.20E-07	7.82E-07
ASV88	0.129910456	0.0250108	0.459699541	1.02E-06
ASV585	0.090755589	6.68E-07	9.55E-07	0.017960908
ASV1220	0.250717866	0.062273587	1.75E-07	0.109869094
ASV42	0.029445857	0.542317469	0.006706733	0.074170993
ASV692	0.263101781	1.57E-07	0.084137245	1.49E-06
ASV51	0.058899097	0.20634081	3.04E-07	8.32E-07
ASV18	0.326064058	0.203171891	0.19100709	0.310736994
ASV1751	0.206642632	0.153685263	1.74E-07	0.054869303
ASV79	0.451813438	0.188517269	0.268889269	0.156211178
ASV56	1.49E-06	0.194294635	0.093906409	1.90E-06
ASV824	0.118401526	0.050634887	0.094011211	0.163690871
ASV10	0.320263868	0.135758215	0.273651135	0.275663978
ASV111	0.16087975	0.213553067	0.019606781	0.02778012
ASV49	0.453896969	0.13774712	0.237242176	0.04122592
ASV7	0.309813603	1.53E-07	0.111454505	1.34E-07
ASV37	0.374484123	1.81E-06	1.73E-06	6.39E-07
ASV1589	0.156079856	1.29E-07	1.21E-07	0.115995579
ASV2507	1.21E-07	0.036283747	0.040687795	0.008782427
ASV1107	1.78E-06	1.67E-07	1.76E-06	6.38E-07
ASV2234	1.30E-06	1.54E-07	1.47E-07	1.42E-07
ASV443	3.04E-07	1.64E-07	0.183342139	0.137402943
ASV1324	1.33E-07	0.28163339	0.273375447	0.121490281
ASV789	0.149969211	0.079430845	0.060473366	0.175660242
ASV43	1.22E-07	1.49E-07	0.330202203	0.411627391
ASV631	0.03704647	1.37E-07	0.281922721	5.81E-07
ASV931	1.55E-06	1.41E-07	0.036187958	1.25E-07
ASV278	1.22E-07	1.24E-07	0.126230568	0.181058845
ASV498	1.25E-06	8.06E-07	0.018359167	8.02E-07
ASV609	1.21E-07	2.24E-07	0.108949573	0.175479467
ASV1340	0.047374394	0.113560726	9.03E-07	0.300416678
ASV627	1.24E-07	0.043947928	0.18570113	0.304005927
ASV685	0.21033267	0.135768921	0.049935031	0.185752514
ASV1038	0.096155828	0.036963968	1.42E-06	1.34E-07
ASV155	8.18E-07	8.79E-07	1.35E-07	0.261935017
ASV336	9.08E-07	1.01E-06	0.162442343	8.76E-07
ASV792	0.158734136	1.89E-07	0.35394788	0.262146673
ASV1378	0.038825515	1.77E-06	1.68E-07	1.55E-07
ASV2341	1.73E-06	1.44E-07	0.006344834	1.61E-06
ASV902	3.04E-07	0.140128287	8.43E-07	1.60E-07
ASV290	0.359894112	0.356407717	0.337486503	0.094503018
ASV1056	0.102365235	0.22690657	0.035530219	0.367370499
ASV572	6.94E-07	0.018915551	0.374739465	0.123172056
ASV601	0.202783268	1.77E-07	0.137765211	0.116765809
ASV380	8.26E-07	0.022248662	0.139667952	0.185208826
ASV90	1.67E-07	1.23E-06	1.81E-06	1.03E-06
ASV174	1.65E-06	0.22961181	0.323889825	0.020519688
ASV20	4.05E-07	0.317219566	0.18491058	0.0788552
ASV702	8.93E-07	3.17E-07	0.292097278	0.371721423
ASV140	8.83E-07	7.58E-07	0.015071498	0.226067729
ASV323	0.121500617	1.33E-07	1.05E-06	1.58E-06
ASV481	0.029256934	0.242740141	0.077874109	0.087705087
ASV1050	0.27020225	0.073192118	1.43E-07	1.43E-07
ASV496	5.87E-07	0.270090832	1.71E-06	0.321965555
ASV23	0.387360487	0.355777147	0.356481273	0.559876804
ASV740	1.65E-06	0.185378685	4.23E-07	0.097031765
ASV38	1.58E-07	1.01E-06	7.82E-07	1.28E-07
ASV249	1.45E-07	9.55E-07	0.128086828	0.124553186
ASV289	0.013463311	0.040077691	1.49E-07	0.065087825
ASV534	1.16E-06	0.17561365	1.23E-07	0.249636667
ASV47	1.46E-06	0.143090782	1.43E-06	0.253731465
ASV172	0.154034446	0.190378045	1.36E-06	1.02E-06
ASV254	0.160336723	0.272546367	1.01E-06	1.63E-06
ASV737	1.56E-07	0.151427471	6.37E-07	6.62E-07
ASV352	0.111566777	0.116848871	1.68E-07	0.242927919
ASV664	0.064305919	0.288488783	0.108933735	0.340186422
ASV264	0.226199774	1.59E-07	0.370642698	1.57E-07
ASV420	1.76E-06	1.58E-07	1.29E-07	0.177745033
ASV1024	0.117941014	0.313358405	0.193990764	0.090062454
ASV532	0.608422014	0.250826973	0.14839645	0.416388124
ASV570	0.112712105	0.199518792	0.082777285	0.079238287
ASV499	1.63E-06	0.169792407	0.282116089	0.159335006
ASV101	0.101620242	1.63E-07	0.162307073	0.30694216
ASV180	1.40E-07	0.275955548	0.160412799	0.127355952
ASV634	0.005989585	0.415071928	3.04E-07	0.056488158
ASV372	0.034489037	0.199411076	1.68E-06	2.02E-07
ASV437	3.34E-07	0.289996857	7.66E-07	0.084923111
ASV363	0.30868648	0.224702037	3.04E-07	0.177263521
ASV637	7.39E-07	0.057573295	1.74E-06	1.55E-07
ASV71	9.56E-07	0.253596134	1.71E-06	0.428906912
ASV135	0.02922069	0.017535315	0.144714577	0.351555414
ASV330	1.43E-07	0.115859696	0.193179611	0.206540846
ASV12	0.181123873	0.180720852	0.230636388	0.279668689
ASV102	0.240599017	0.044080451	0.210132357	0.183002851
ASV466	8.61E-07	0.315330298	0.016391676	0.115939487
ASV377	6.08E-07	1.39E-06	0.096712834	0.360188724
ASV578	4.50E-07	0.085707926	0.30407761	0.234026549
ASV597	0.200187486	8.19E-07	0.25027911	0.18672295
ASV457	0.235474713	0.158177514	0.306055542	0.315223333
ASV423	1.89E-07	0.24447886	0.377699095	0.145757522
ASV639	0.219460855	0.173687708	0.198972105	1.52E-07
ASV138	0.341602908	0.194346818	0.205811381	1.65E-06
ASV173	0.492906632	0.391461431	0.286324645	0.37576213
ASV657	0.192099455	0.076593612	0.127944158	0.031766552
ASV529	0.209463231	0.108303701	0.255256908	0.20793642
ASV689	1.43E-07	1.43E-07	0.127496007	0.414191855
ASV197	5.97E-07	0.085978231	0.261267043	0.402229678
ASV200	0.234824454	1.82E-06	0.329018418	0.313173632
ASV59	0.414321569	0.024686284	0.390346939	0.267589345
ASV465	1.57E-07	0.069155548	2.75E-07	0.082044771
ASV575	0.251820697	0.131565674	0.072916556	0.094944898
ASV187	0.015445635	0.163887265	0.069531781	0.448378511
ASV142	0.047169082	0.378061446	0.200896344	2.03E-07
ASV123	0.042055546	0.230886295	0.260194873	0.18476886
ASV333	1.99E-07	0.407693177	7.24E-07	0.11178724
ASV244	0.106287259	0.394462626	1.29E-07	0.143435843
ASV258	0.082627866	0.265020228	0.157488194	0.163253419
ASV524	1.13E-06	1.39E-07	2.31E-07	1.57E-07
ASV590	1.34E-06	0.165037278	0.232392483	0.123153021
ASV1074	1.68E-07	1.89E-06	0.319759935	0.0709368
ASV41	0.027344903	0.180225572	0.131675178	0.154362697
ASV413	0.06641712	0.196495041	0.066811765	1.43E-07
ASV593	0.026752766	0.122578517	1.70E-07	0.294436376
ASV458	0.200385105	0.275071483	0.196270463	0.332296087
ASV767	0.311933119	0.434359703	0.020307339	0.493960624
ASV505	0.180201672	1.83E-06	0.236983906	1.69E-06
ASV246	0.033646393	0.279091946	0.237913213	0.190880589
ASV1049	0.212436618	0.263456941	0.146612234	8.00E-07
ASV463	0.151108152	0.056410464	0.03602802	0.250993019
ASV24	0.004411768	0.225517977	0.005523308	0.421728991
ASV267	1.41E-07	0.045378485	6.73E-07	0.249663497
ASV257	0.011021967	0.226200322	0.057280352	0.24916102
ASV1227	0.011991741	1.48E-07	3.04E-07	0.019590684
ASV81	1.20E-07	0.121752566	0.016789382	0.343400255
ASV302	0.282913883	0.354064933	0.193889111	0.252832114
ASV545	0.232072559	0.13972827	0.017049158	0.17466316
ASV516	1.67E-06	0.072433312	0.181671449	0.080084946
ASV571	1.23E-07	0.256059639	1.70E-06	0.035426518
ASV292	3.04E-07	0.503874331	6.21E-07	0.142541167
ASV9	0.034872368	0.582643154	1.42E-06	0.116031503
ASV215	0.340909497	0.201996191	5.75E-07	0.326285872
ASV537	8.93E-07	0.378381362	1.68E-06	0.24687589
ASV378	0.060905032	0.472728403	1.04E-06	0.225834359
ASV468	0.420962421	0.196754833	0.0222232	0.026833132
ASV816	0.12552632	0.257625174	6.79E-07	0.362982313
ASV359	0.202795825	0.110378888	0.310979877	8.96E-07
ASV69	0.021655137	0.193195598	0.146963695	0.26609471
ASV33	0.54369779	0.399437433	0.075633887	0.443061624
ASV313	0.632365265	0.361718157	6.19E-07	0.512953134
ASV574	0.510096128	0.356136645	1.38E-07	0.239255005
ASV62	0.350290582	0.329857227	9.76E-07	0.325078301
ASV451	0.216326459	7.16E-07	0.220397817	0.181531837
ASV632	0.091501906	0.085878251	0.211760525	0.287326108
ASV520	0.23903329	0.076658317	0.409609287	0.092658379
ASV357	1.64E-07	1.56E-07	0.123702381	9.82E-07
ASV1134	0.115048044	1.20E-07	0.038312905	0.358400617
ASV350	0.342088315	0.210715666	0.088872781	0.440441423
ASV120	0.449622186	0.088573923	0.301362537	0.335851772
ASV143	2.07E-07	4.16E-07	1.47E-07	1.15E-06
ASV277	0.362768984	0.299413684	0.216373193	0.142515337
ASV139	0.158082819	5.95E-07	6.49E-07	0.205414973
ASV34	0.433968595	0.090190579	0.267565662	0.381952797
ASV276	0.0841789	0.007148366	0.195972186	0.294281596
ASV452	1.48E-07	0.193802737	0.148881342	1.62E-07
ASV92	0.07122898	0.300659635	0.220246995	0.386405287
ASV242	0.086783867	0.17951519	0.113773671	0.19032914
ASV514	1.60E-07	1.23E-07	0.213119693	7.10E-07
ASV603	0.040582535	3.44E-07	0.191509478	0.074858517
ASV538	0.086774343	0.165146318	0.251455487	9.49E-07
ASV489	0.08290319	0.170958888	0.18414587	0.014776801
ASV456	1.22E-07	7.33E-07	0.153199285	0.193259307
ASV645	3.04E-07	0.129501427	1.52E-06	0.261032915
ASV550	1.65E-06	1.25E-07	0.175293268	0.033986834
ASV673	0.060667085	0.205443373	3.89E-07	0.334693712
ASV362	0.002901043	0.307047163	9.61E-07	0.126470118
ASV713	1.22E-07	9.45E-07	1.74E-06	0.145231617
ASV392	1.38E-07	0.130060901	0.047625584	0.144835725
ASV626	1.42E-07	0.049841101	0.202731297	1.58E-07
ASV582	3.39E-07	1.43E-07	0.124377721	1.52E-07
ASV253	8.75E-07	0.11296193	0.160280367	1.05E-06
ASV536	9.72E-07	0.073208333	0.179549431	9.17E-07
ASV668	1.32E-07	1.80E-06	0.110023503	0.121556162
ASV421	0.06105161	0.023467331	0.105779592	0.101145332
ASV177	1.33E-07	1.51E-06	0.178300238	0.114580983
ASV369	2.15E-07	0.060192813	0.085689519	0.0852251
ASV398	0.173719705	1.59E-07	0.14772268	0.190125192
ASV769	1.66E-07	1.31E-07	1.40E-07	1.69E-06
ASV67	0.177376244	0.063734292	0.148028418	0.206579563
ASV50	6.21E-07	0.127953271	0.282516167	0.14745418
ASV471	1.64E-06	0.029376213	1.47E-07	0.282954542
ASV818	0.15369663	1.49E-07	1.34E-07	0.184199324
ASV364	0.039082068	6.99E-07	0.165678401	0.211081467
ASV791	0.102890886	3.04E-07	0.252238347	0.144871191
ASV714	0.160280882	1.57E-07	0.261654707	4.58E-07
ASV576	0.087582718	0.222835733	0.236018045	0.106495978
ASV389	0.079431704	0.036210742	0.124114676	0.215473361
ASV191	0.149120355	0.173363543	0.363746798	0.083167589
ASV194	0.057047163	1.34E-07	0.323990477	0.189001101
ASV428	0.184898703	5.52E-07	0.209336419	0.264407835
ASV358	0.014642581	0.257946186	0.349182075	0.341337839
ASV361	1.14E-06	4.16E-07	0.325731091	0.069082541
ASV568	1.38E-06	1.45E-07	0.283267669	0.135583245
ASV739	1.10E-06	1.83E-07	0.105378791	0.184588517
ASV690	1.16E-06	1.79E-06	1.82E-06	1.79E-06
ASV316	0.103056791	0.165655921	7.18E-07	0.326762832
ASV640	0.125267911	0.129172661	0.106895795	0.364756269
ASV461	0.014655367	1.37E-07	1.50E-07	0.100023384
ASV419	0.055365402	0.041833392	0.12241744	0.277768372
ASV283	0.050101732	0.163285615	0.095994135	0.437041525
ASV1452	1.33E-07	1.62E-07	1.88E-06	0.112530732
ASV776	0.037691415	3.04E-07	0.058553921	0.01054565
ASV169	1.44E-07	0.065534247	0.227038087	0.205473694
ASV247	1.44E-07	1.71E-06	6.64E-07	0.35384157
ASV379	0.114278715	0.070214162	2.65E-07	0.354503191
ASV875	0.068009912	0.054212718	1.65E-07	0.060026171
ASV157	0.146178101	0.081436967	0.111739575	0.258464995
ASV589	3.04E-07	5.06E-07	0.30271708	0.325081632
ASV596	1.74E-06	0.113500016	1.56E-07	0.082447208
ASV282	0.139463305	1.70E-06	0.037508973	0.189322632
ASV559	3.96E-07	1.28E-07	2.16E-07	0.225434688
ASV385	1.01E-06	0.029809203	0.222840703	0.298932859
ASV204	1.26E-06	1.12E-06	0.152790811	0.283984618
ASV606	0.019559165	4.41E-07	0.175140416	0.38196107
ASV473	0.199789923	0.253469378	0.08328225	0.353763614
ASV425	0.048129978	0.034320356	1.59E-07	0.128492363
ASV309	0.172752438	1.53E-07	0.188987758	0.329456487
ASV744	6.74E-07	0.073806655	1.53E-06	1.50E-07
ASV821	0.207961629	7.78E-07	1.69E-06	0.140396824
ASV98	0.273372019	1.39E-07	0.094835475	0.347104811
ASV682	7.21E-07	3.04E-07	4.54E-07	0.210796996
ASV530	1.46E-07	0.010015486	0.057739654	1.56E-07
ASV620	0.023617019	1.78E-06	0.14727546	0.000382212
ASV375	1.58E-07	0.123161701	0.063450648	0.245493588
ASV1168	3.91E-07	0.057324228	1.63E-07	0.110456576
ASV356	0.231227055	1.87E-06	0.109957361	0.301527229
ASV384	0.198767895	6.75E-07	1.42E-07	0.287680658
ASV562	0.277001017	0.170937689	0.082152342	0.217853041
ASV814	0.000630126	6.82E-07	7.36E-07	0.034132679
ASV432	0.217581503	0.218114049	0.133988187	0.427027578
ASV109	0.172566505	0.08104828	5.16E-07	0.332726177
ASV270	0.183059898	0.05133873	0.231819831	0.341445433
ASV410	0.248086441	3.87E-07	0.105396016	0.244563116
ASV612	1.66E-06	6.84E-07	0.193470969	0.219346006
ASV503	0.178627589	1.42E-07	0.111448586	0.210226091
ASV565	1.62E-06	1.45E-06	0.132013937	0.289233069
ASV269	1.64E-07	0.227697472	0.093449706	0.313170817
ASV238	0.101794999	0.102187246	1.37E-07	0.199900448
ASV661	9.72E-07	0.156912169	1.46E-07	0.129151441
ASV337	0.163494657	0.115403825	6.65E-07	0.410208058
ASV825	0.050726458	1.71E-06	0.163388453	0.208637639
ASV841	0.181038895	9.05E-07	4.59E-07	1.35E-07
ASV403	0.147108334	6.94E-07	0.174032563	1.43E-07
ASV725	1.40E-07	1.45E-07	0.206109466	0.209045892
ASV610	0.132351425	0.063943621	0.100450538	0.337759067
ASV475	1.43E-07	0.080495523	0.171371059	0.444290495
ASV178	9.03E-07	0.023135392	0.212460488	0.187516202
ASV344	0.13507202	8.17E-07	0.45127747	0.128674529
ASV608	0.294291201	0.117361208	0.291843559	0.106976848
ASV490	1.56E-06	9.28E-07	0.176435108	0.37053091
ASV605	0.071265812	0.140649172	0.302084997	0.224953357
ASV613	0.056778581	0.026142543	0.15245152	0.300516876
ASV150	0.007034401	0.178404435	0.227977677	0.231195252
ASV402	0.128476774	0.159716055	0.14545625	0.010305085
ASV39	1.47E-06	1.67E-07	0.33960491	0.030363717
ASV221	1.83E-06	1.38E-07	0.372065831	0.09279203
ASV501	6.91E-07	1.84E-06	1.74E-06	0.060326017
ASV1017	0.165345491	1.20E-06	0.329858429	0.166175258
ASV170	4.44E-07	1.22E-07	0.491915397	0.091466899
ASV735	0.032387962	0.08836879	0.241386803	0.062410996
ASV153	1.72E-07	8.09E-07	0.151605122	0.19506944
ASV122	0.117077337	0.142203557	0.123842152	0.295063151
ASV100	2.15E-07	0.160089378	0.381503563	0.181871544
ASV598	3.04E-07	1.71E-06	0.214394095	0.20068298
ASV145	1.63E-07	0.11440371	0.066833112	0.245373054
ASV195	0.176534478	1.31E-07	0.013081202	0.298362287
ASV186	0.105610298	0.026407377	0.24002023	0.102600583
ASV127	0.020506125	0.109403499	0.295851056	0.296548193
ASV416	0.054253066	1.65E-07	0.292445295	1.19E-06
ASV280	0.130427726	1.30E-06	1.24E-07	0.25340132
ASV304	0.221812636	1.32E-07	0.149407899	0.139735445
ASV260	0.088214506	0.244120702	0.155592992	0.043628246
ASV327	1.41E-07	3.04E-07	1.43E-07	0.129424217
ASV718	0.056176986	0.001463049	0.028819273	0.079324489
ASV133	0.20438008	6.83E-07	0.174957213	0.155312163
ASV408	0.049004295	0.025736796	0.189825837	0.221865993
ASV212	0.083346317	0.021186396	3.04E-07	0.182532796
ASV222	0.107141287	1.52E-06	0.060941184	0.125572888
ASV228	0.182607502	7.41E-07	0.306840703	1.36E-06
ASV1338	0.005135123	0.041824418	0.009427883	7.57E-07
ASV298	0.056427646	6.30E-07	0.054903004	0.126110004
ASV494	0.363634908	3.04E-07	1.03E-06	0.318709407
ASV630	0.130516523	1.79E-06	1.88E-06	0.420229419
ASV785	0.155601648	0.167343313	0.144445494	0.012790235
ASV721	6.25E-07	7.43E-07	0.025905797	0.271855047
ASV1200	0.113839737	0.228779912	1.59E-07	0.261843622
ASV799	0.079976628	1.42E-07	0.308269679	1.81E-06
ASV1162	0.236649677	0.085905861	0.001654778	7.51E-07
ASV89	0.284697226	0.058117385	0.114609545	2.30E-07
ASV112	0.274686612	1.00E-06	0.385180064	0.079695585
ASV46	1.37E-07	8.42E-07	0.322742391	0.109111717
ASV78	1.40E-06	0.052335842	0.322352189	0.249958946
ASV239	0.147508874	1.27E-07	1.27E-06	0.060731138
ASV528	0.16989755	0.058937308	1.40E-07	0.267563232
ASV203	0.211312085	0.155258725	0.279918297	1.96E-07
ASV752	9.25E-07	0.030655991	0.08010184	3.71E-07
ASV653	1.57E-07	0.267229841	0.268871874	0.298312497
ASV308	1.16E-06	0.179673746	8.64E-07	0.012453537
ASV210	1.76E-06	0.066650937	0.108335061	0.343840762
ASV218	1.35E-06	0.145154111	0.15854642	0.310063095
ASV83	0.127813245	0.26671849	0.221402694	0.106454884
ASV40	0.177615102	0.203161584	0.250752201	1.36E-06
ASV119	0.230064467	0.374249254	0.339256167	0.206584198
ASV987	0.268107316	0.173584533	0.129083746	0.040947147
ASV406	0.055219255	1.51E-07	0.169181338	9.05E-07
ASV245	1.29E-07	1.56E-06	0.348616309	0.204176636
ASV387	0.137690851	0.056687864	0.31483514	0.340370811
ASV374	0.522763972	0.076056589	0.407863867	0.432276928
ASV2046	9.82E-07	0.104989021	0.036433443	6.53E-07
ASV450	0.448997358	0.221142556	0.362360874	1.01E-06
ASV1023	0.303143032	0.246902452	5.84E-07	0.38785215
ASV548	0.035489901	1.39E-07	0.046987914	0.048779429
ASV1791	0.24566962	0.0163018	1.34E-07	1.10E-06
ASV288	0.114001112	0.064874492	0.078959337	1.30E-07
ASV2322	NA	NA	NA	1.96E-07
ASV312	0.097070013	0.132506198	0.194430021	0.202103834
ASV558	1.54E-07	0.080881348	0.265783063	1.36E-07
ASV2178	0.006269809	0.01692353	0.013619469	0.177323194
ASV1464	0.01402032	1.57E-07	1.52E-06	1.36E-07
ASV226	0.162745094	1.11E-06	0.210646615	0.092117876
ASV121	0.267605934	0.125170611	1.44E-07	0.3509242
ASV322	0.079976992	5.60E-07	0.00240661	2.10E-07
ASV477	1.68E-06	1.78E-06	0.223581314	1.32E-06
ASV1143	0.052512869	0.268831309	0.302917795	1.42E-06
ASV15	0.101604607	8.19E-07	0.253606167	0.065665804
ASV1320	0.032463235	0.285802951	0.149900572	0.220112773
ASV66	0.058727715	0.230685552	0.134142796	0.11029971
ASV1509	0.2404357	3.73E-07	6.81E-07	0.148483282
ASV29	0.283123251	0.049947356	1.46E-07	0.350274634
ASV97	0.042301039	1.67E-06	0.000298055	0.10321776
ASV1204	1.92E-07	4.62E-07	1.85E-07	0.000336075
ASV360	0.448065649	0.089691796	0.109778977	0.031794359
ASV557	0.214761619	0.120864053	0.252199254	0.120760436
ASV164	1.45E-07	7.64E-07	0.103559309	0.302875804
ASV577	0.010514041	1.38E-06	0.013555105	0.1713619
ASV748	0.114244018	1.33E-07	0.251181196	1.85E-06
ASV1072	0.179438117	7.76E-07	0.061105677	6.69E-07
ASV1883	1.43E-06	1.08E-06	5.55E-07	0.111235152
ASV687	1.60E-07	4.68E-07	0.13647582	0.012032756
ASV2506	0.162340894	0.114693036	0.04160634	1.42E-07
ASV225	5.05E-07	1.85E-06	0.176159383	0.04356509
ASV60	0.028743134	1.27E-07	0.52208397	0.131864119
ASV817	5.23E-07	0.243147477	0.068035643	0.206520388
ASV764	6.96E-07	0.114388298	0.257018955	0.032601468
ASV895	0.268719125	0.203039444	0.228594612	1.21E-07
ASV171	0.027355139	0.236371876	0.342633569	0.277088041
ASV918	0.142759918	9.81E-07	3.04E-07	1.82E-06
ASV775	1.24E-07	0.134984253	0.141633051	0.143446351
ASV72	0.276210623	0.471754726	0.022794574	0.570577553
ASV1379	1.22E-07	0.195090684	0.105584303	0.253552036
ASV396	1.31E-06	1.62E-07	0.177868883	0.02003205
ASV93	0.124274469	1.46E-07	0.120537351	0.056976664
ASV294	0.060438667	1.62E-07	0.019138352	0.030715242
ASV166	0.081375339	0.34708823	0.060363811	0.32762905
ASV3	0.149870317	0.161298141	0.199333357	0.096078894
ASV189	0.182027292	0.062211857	0.071082258	0.16153629
ASV696	0.015010992	1.81E-06	0.101478568	0.181919438
ASV99	0.185230486	0.195538603	0.165096591	1.84E-06
ASV21	1.36E-07	1.28E-07	0.122639542	0.352871928
ASV31	0.062976642	1.39E-07	0.067562236	1.62E-07
ASV11	0.023979977	0.014427131	0.133156124	0.249126912
ASV1206	9.04E-07	0.080387285	1.81E-07	0.324034476
ASV199	1.62E-07	0.091011115	0.284681093	6.51E-07
ASV96	0.296439148	0.280667359	0.250682791	0.140497988
ASV1522	0.000336119	0.227351966	1.06E-07	1.99E-07
ASV75	0.032288415	0.224763975	0.096675031	1.68E-06
ASV405	1.81E-06	0.082420101	1.79E-06	0.151224579
ASV474	0.049037684	1.45E-07	2.18E-07	1.77E-06
ASV77	1.27E-07	3.04E-07	0.217645123	0.113409612
ASV780	0.05734286	7.33E-07	1.25E-07	0.045743654
ASV1027	0.095744748	0.123676424	0.010112457	1.12E-06
ASV1117	0.084023706	0.138876474	6.53E-07	8.62E-07
ASV1710	0.185600326	1.92E-07	0.078261747	0.220461223
ASV658	2.64E-07	0.192896916	3.04E-07	7.12E-07
ASV552	0.10354321	1.23E-06	0.017728358	1.40E-07
ASV1105	0.095637765	1.24E-06	0.111277237	8.15E-07
ASV4	0.116645234	0.172054392	0.201993127	0.305727728
ASV1429	4.81E-07	1.86E-07	1.49E-07	0.000336124
ASV339	0.340210616	0.146449453	0.40062695	0.275639078
ASV68	0.169499158	0.129653474	9.80E-07	0.234917652
ASV815	1.13E-06	8.76E-07	1.27E-07	0.149536394
ASV579	0.20058194	1.60E-07	0.016180426	1.30E-07
ASV73	0.08908188	4.42E-07	0.439263382	0.162058512
ASV185	4.23E-07	0.003590463	0.007722351	0.063396823
ASV284	0.059994279	6.38E-07	0.051679636	0.15123822
ASV165	0.169717966	0.225161657	1.72E-06	0.372406969
ASV448	4.32E-07	1.36E-07	1.31E-07	0.310337118
ASV790	0.252236964	0.18018238	1.27E-07	0.312068187
ASV502	1.26E-07	0.260145599	1.21E-07	0.097562772
ASV1724	0.080981163	0.057319871	0.219820195	4.93E-07
ASV365	1.33E-07	0.309029343	0.016424704	0.126677873
ASV1018	0.038457052	0.172071343	0.089496514	0.046911557
ASV486	0.05613751	0.055227619	0.388047755	0.278536914
ASV595	0.05148645	1.58E-06	0.285576931	0.144385827
ASV149	0.02057586	0.008940139	0.123351536	0.171441806
ASV541	0.050265309	1.64E-07	0.201253416	0.108288584
ASV635	1.58E-06	0.147005122	5.54E-07	0.203455604
ASV103	1.48E-07	0.266197404	0.04134011	0.15026829
ASV924	1.44E-06	0.068433202	0.241084287	0.056294411
ASV662	0.038448101	1.49E-07	0.226062581	0.073278316
ASV641	0.006555446	1.26E-06	0.018268216	0.152672131
ASV158	0.130165154	1.43E-07	0.039880659	0.06553681
ASV551	0.061807536	1.37E-07	0.170035842	0.286598207
ASV381	0.024686046	0.326782009	0.325555515	0.241869485
ASV720	1.68E-06	0.123530788	5.61E-07	4.95E-07
ASV181	6.40E-07	4.25E-07	5.15E-07	1.45E-07
ASV644	0.142833521	0.15286019	0.307144013	0.250672796
ASV484	0.180704748	1.41E-06	0.319217232	0.24671537
ASV679	0.002998569	7.87E-07	0.175209437	0.051596419
ASV666	0.041128375	1.76E-06	0.344440648	0.046835092
ASV941	5.04E-07	0.189000901	0.231950435	1.52E-06
ASV521	0.147808729	3.04E-07	0.413715243	0.151208582
ASV439	1.59E-07	0.043437294	0.283744766	0.022293017
ASV711	1.72E-06	0.088907773	0.196594856	0.037426923
ASV371	1.25E-07	0.011385697	0.121135492	0.130696786
ASV261	4.04E-07	0.047929664	0.250224895	1.19E-06
ASV504	0.033988497	1.26E-07	0.26444315	0.112926458
ASV507	1.64E-06	1.80E-06	0.192984429	3.04E-07
ASV865	1.52E-07	4.91E-07	1.32E-07	1.39E-07
ASV911	1.88E-06	0.189136038	0.094168278	3.29E-07
ASV512	0.235773186	0.099181601	0.349605782	1.25E-07
ASV303	0.295883886	1.47E-07	0.462770226	0.013266898
ASV459	0.303255296	0.031335799	0.322398512	0.096494939
ASV710	0.081083224	0.133686256	0.35780302	0.023529415
ASV321	0.116621653	1.83E-06	0.321278426	0.176291096
ASV522	1.53E-07	6.46E-07	0.158487818	1.47E-07
ASV669	0.083448651	6.58E-07	0.187661026	0.202439522
ASV167	0.057411838	0.132507938	0.391299318	0.202651527
ASV1075	1.38E-06	0.036464777	7.16E-07	0.216283557
ASV315	0.013673055	1.25E-07	0.401444223	0.0501294
ASV547	3.04E-07	0.020270655	0.450454261	0.136701093
ASV240	0.230653153	9.18E-07	0.038926178	0.089821881
ASV684	0.242361607	1.32E-07	0.257996022	6.36E-07
ASV651	7.05E-07	5.13E-07	0.154650178	0.02565844
ASV511	1.30E-06	0.09632256	0.209906759	0.299117099
ASV663	1.75E-06	0.156092869	0.205053544	7.13E-07
ASV544	0.022624677	1.50E-07	0.26984891	4.23E-07
ASV515	0.167713187	8.04E-07	0.394176342	0.113407787
ASV205	0.007055635	0.093662718	0.122824446	6.66E-07
ASV989	0.172841608	0.054262137	0.256167376	8.59E-07
ASV251	0.052604685	2.25E-07	0.117077549	0.18477496
ASV560	1.78E-06	1.30E-07	0.103862422	3.04E-07
ASV611	3.78E-07	0.012196408	0.453648201	0.140661147
ASV259	0.13073338	1.81E-06	0.430067573	0.027332596
ASV510	0.013531682	0.297638076	0.151483337	0.04355299
ASV125	0.35786537	1.55E-06	0.107265537	9.16E-07
ASV513	1.75E-06	1.27E-06	0.232815335	0.144972327
ASV301	0.109906493	1.52E-07	0.410063496	0.039476033
ASV57	0.00349581	0.047554067	0.286747373	0.111478562
ASV268	1.54E-07	0.099975508	0.379316036	0.070991342
ASV500	0.130929104	0.122228527	0.132264758	0.053372072
ASV656	0.136712029	1.43E-07	0.27835723	1.08E-06
ASV211	0.197608386	0.056617532	0.398984719	0.184970282
ASV255	0.136646971	0.055112934	0.178740569	0.132637902
ASV636	0.075839301	8.42E-07	0.25419126	0.016759726
ASV343	1.54E-07	4.31E-07	0.220419509	0.112629789
ASV415	0.049290187	0.216945632	0.211385335	0.13345902
ASV472	1.42E-07	0.142259438	0.177511463	0.021157424
ASV671	1.21E-07	1.65E-07	0.046460147	0.115039697
ASV397	0.095087143	1.69E-06	0.307446955	0.278101689
ASV54	0.270485533	3.43E-07	0.493747775	0.101624761
ASV116	0.406255114	1.21E-07	0.435063491	0.077212633
ASV355	0.021128462	8.83E-07	0.376665984	0.122656634
ASV770	0.100899398	1.84E-06	0.276174218	0.038314722
ASV265	0.232515106	8.23E-07	0.193158904	1.77E-07
ASV618	1.76E-06	1.62E-07	0.349606149	0.170913238
ASV642	0.119023454	0.139126964	0.239775653	0.224475265
ASV206	0.215873364	0.069525975	0.367686925	0.004376041
ASV811	0.087716892	0.208920745	0.123076622	1.15E-06
ASV614	0.005896992	0.259191329	0.285356056	0.175916983
ASV417	0.290318554	1.25E-07	0.257654499	0.155607111
ASV94	1.32E-07	0.293736033	0.277773304	0.208785003
ASV227	0.150811164	0.182991266	0.267008047	0.046047537
ASV287	0.22769443	1.55E-07	0.320326196	7.92E-07
ASV130	0.268635769	0.182270424	0.289389264	0.038681183
ASV431	0.205281485	1.48E-07	0.176015878	0.149600083
ASV573	1.27E-07	0.039963116	0.009733946	0.234884693
ASV207	0.129134568	1.16E-06	0.359313792	0.120457509
ASV670	0.114627082	0.000685604	0.115314768	1.48E-07
ASV495	0.145296924	2.45E-07	0.351989056	0.117223309
ASV70	1.68E-06	1.62E-07	0.415776626	0.121712287
ASV65	1.80E-06	0.060791739	0.291978234	0.07341776
ASV555	1.40E-07	0.034691453	0.269790357	0.203599796
ASV201	1.11E-06	0.001118572	0.051333121	0.025192228
ASV154	0.11968746	0.042125006	0.292453681	0.17582352
ASV470	0.187964466	1.85E-06	0.366539746	1.22E-07
ASV346	1.39E-07	1.22E-07	0.011814005	0.044785872
ASV449	0.187466011	0.16728947	0.291119111	0.063983622
ASV485	0.002498629	0.117225706	0.067354384	3.04E-07
ASV285	0.058659235	8.58E-07	0.217165698	0.227131165
ASV478	0.101502372	0.115644436	0.27546845	0.095161603
ASV325	1.50E-07	1.44E-07	0.091638015	0.149418063
ASV192	0.063885858	0.300834704	0.123060681	0.171571153
ASV588	0.208123295	0.080189861	0.137228951	0.143306963
ASV74	8.02E-07	1.40E-07	0.203075375	0.287483588
ASV76	0.01146049	1.22E-06	0.056504785	0.332160819
ASV462	0.049063611	0.014544379	4.95E-07	0.236870446
ASV654	1.04E-06	0.089246588	0.083494373	0.333711836
ASV373	1.43E-07	1.78E-06	1.36E-07	0.116443541
ASV383	8.36E-07	1.53E-07	6.60E-07	0.210094527
ASV493	2.26E-07	0.106998981	0.119006311	0.382458211
ASV318	0.083670028	1.53E-07	7.50E-07	0.133474577
ASV731	0.045999232	0.003898754	6.97E-07	0.297254677
ASV621	9.34E-07	1.33E-06	0.096927467	0.158708562
ASV665	0.004798934	0.147732469	1.58E-06	0.325590538
ASV22	1.54E-06	1.25E-07	8.63E-07	0.334506711
ASV619	1.41E-07	1.20E-06	1.67E-07	0.249075139
ASV469	1.77E-06	0.042877823	9.36E-07	0.239856436
ASV584	0.02650333	0.071653457	1.81E-06	0.202897303
ASV1236	7.77E-07	1.98E-07	1.35E-07	0.001134604
ASV926	1.06E-06	0.338336605	0.122814233	3.04E-07
ASV607	1.33E-07	0.282813978	1.32E-07	0.214986416
ASV444	1.26E-06	0.224608498	1.49E-07	0.340548032
ASV454	5.36E-07	2.28E-07	0.092893564	0.289633874
ASV535	3.47E-07	0.310210941	0.102512816	0.093137196
ASV693	1.55E-07	0.036340015	0.004149627	0.124898899
ASV615	0.29753798	1.49E-07	0.254142687	0.192097664
ASV1270	7.19E-07	0.050242699	1.81E-06	0.174195031
ASV959	0.135399749	3.04E-07	9.86E-07	0.007749316
ASV1933	0.120795026	1.49E-07	0.017365906	0.066361374
ASV91	0.047702697	1.47E-07	0.172858114	3.93E-07
ASV1059	0.031368541	1.89E-06	0.01263583	1.57E-06
ASV672	0.105056351	1.48E-07	0.149546057	0.215588806
ASV196	1.55E-07	0.108769482	1.55E-07	0.286937412
ASV334	0.047068813	0.092726094	0.016447872	0.111197025
ASV927	0.071372493	5.73E-07	1.56E-07	0.097356629
ASV370	0.320486014	0.069972027	0.234591275	0.096946756
ASV329	2.44E-07	0.060340265	0.184549319	0.526702205
ASV1085	8.97E-07	0.204025705	1.70E-06	1.89E-06
ASV1376	9.52E-07	0.042531218	1.56E-07	0.016322675
ASV1984	4.31E-07	3.84E-07	0.115729328	1.43E-06
ASV768	0.049169583	0.278235866	0.096328648	0.122382985
ASV2009	0.001815967	0.060600453	1.33E-06	3.83E-07
ASV14	0.441909351	0.31364648	0.199380741	0.393335919
ASV933	1.72E-06	0.182773169	0.053032793	4.77E-07
ASV1888	0.031537707	0.161997228	0.053216493	9.49E-07
ASV491	0.465256495	0.121487598	2.31E-07	0.2892359
ASV422	6.01E-07	1.19E-06	0.024704393	0.022644988
ASV188	0.264524072	0.278533807	0.137136505	0.031201396
ASV1706	1.93E-07	2.02E-07	0.014618092	0.000331467
ASV279	0.251179945	0.135062792	0.268221989	0.220606465
ASV311	1.89E-06	0.042004565	1.73E-07	0.089243183
ASV556	7.38E-07	8.52E-07	0.169788864	5.80E-07
ASV159	0.063222779	0.250029022	0.050642367	0.146815199
ASV274	0.169108092	0.086146404	0.051131467	0.123465388
ASV586	1.56E-07	8.82E-07	0.07009482	0.235819422
ASV354	1.56E-07	7.02E-07	4.11E-07	0.391962252
ASV1654	0.196460887	6.86E-07	0.116704018	0.170761202
ASV887	0.048989589	0.276863775	0.207359863	0.088153927
ASV697	0.228748008	1.50E-07	0.253483268	0.026729366
ASV349	0.14037813	0.16480838	0.11922332	1.56E-07
ASV427	1.59E-07	0.091017667	1.82E-06	0.184938742
ASV831	0.008605055	1.07E-06	0.060894344	0.005073126
ASV401	0.17505487	0.139171082	0.435321006	0.036757048
ASV566	0.2691033	3.04E-07	0.358929809	0.14671301
ASV234	0.118347316	1.53E-06	0.139938421	0.256689996
ASV414	0.009426406	1.46E-06	0.147306698	0.303703559
ASV826	0.221083885	0.119968417	0.19648646	0.198157092
ASV63	0.076839779	0.174854596	0.035934894	1.73E-06
ASV1876	1.55E-07	0.013674009	0.029285459	1.26E-07
ASV755	0.066511869	8.53E-07	0.145105563	1.32E-07
ASV705	0.003739574	8.92E-07	0.121988853	1.56E-07
ASV320	7.97E-07	0.054162207	1.46E-07	0.104124623
ASV742	0.099912762	0.195490282	1.09E-06	1.29E-06
ASV273	1.80E-06	4.77E-07	4.42E-07	9.12E-07
ASV1201	0.044038067	0.072477022	1.26E-07	9.79E-07
ASV1031	0.038120198	7.38E-07	4.62E-07	1.74E-07
ASV971	0.253405503	2.02E-07	0.004798324	0.035684118
ASV338	1.45E-06	0.101120349	0.254459555	1.25E-07
ASV1384	0.000333354	0.000331356	1.96E-07	1.14E-06
ASV531	1.45E-06	0.180998413	0.169796368	0.20952046
ASV367	1.45E-07	1.87E-06	4.87E-07	0.255029554
ASV438	1.61E-07	0.043898302	5.00E-07	0.262383037
ASV179	1.79E-06	0.305356308	5.19E-07	0.463223526
ASV84	1.31E-07	0.108762579	0.04403498	0.49281456
ASV271	1.23E-06	0.188340984	0.120075389	0.319386589
ASV660	1.45E-07	1.65E-06	1.03E-06	0.267020345
ASV527	0.005253566	0.005589213	0.18582075	0.089115472
ASV124	0.297933033	0.108160938	3.59E-07	0.32696709
ASV131	0.226826425	1.88E-06	0.012346078	7.27E-07
ASV235	7.91E-07	1.73E-06	1.35E-07	0.171005027
ASV480	0.196964053	0.085022646	0.0032416	0.307376942
ASV852	6.31E-07	5.79E-07	0.063768742	0.079314297
ASV455	1.45E-07	0.02403345	0.150676269	8.05E-07
ASV390	0.179261683	1.58E-07	0.059510467	0.475386967
ASV95	0.129848571	6.99E-07	8.64E-07	0.292650713
ASV306	0.192329364	0.065518452	7.60E-07	0.297610881
ASV281	0.038606004	0.00845112	1.55E-07	0.233215812
ASV388	0.203421682	0.184881228	1.52E-07	0.212583177
ASV508	3.12E-07	1.20E-07	0.109647346	0.271091466
ASV569	1.38E-07	0.123112624	0.255567038	0.297129926
ASV175	1.48E-07	0.100964394	1.54E-07	0.276766592
ASV168	1.23E-07	0.013129344	0.073295541	0.254750745
ASV141	1.65E-06	9.19E-07	0.116054722	0.173792706
ASV395	8.87E-07	7.92E-07	0.129744681	0.158752443
ASV433	8.94E-07	0.202587199	0.088993976	0.217552617
ASV217	0.014766794	0.071371229	0.188942765	0.423820736
ASV683	0.199728606	5.63E-07	2.81E-07	0.119855303
ASV250	0.195219861	1.45E-06	0.395633356	0.380327585
ASV464	1.73E-06	0.137062681	3.28E-07	0.271554555
ASV86	0.154243963	0.077982737	0.072060125	0.302314782
ASV117	1.39E-07	7.01E-07	0.109710138	0.381233724
ASV126	0.116335349	8.66E-07	0.018504644	8.17E-07
ASV376	9.28E-07	1.83E-07	1.47E-07	0.009746398
ASV709	1.50E-07	7.74E-07	0.613018031	0.535748246
ASV176	0.602948163	1.33E-06	0.254470955	0.320628477
ASV182	0.25355302	5.73E-07	0.288420987	0.182352794
ASV604	0.18009904	1.61E-07	1.50E-06	1.46E-07
ASV28	4.50E-07	0.077878527	1.22E-06	0.138101448
ASV340	1.72E-07	0.148474234	0.160992995	0.036271748
ASV876	0.088423397	1.64E-06	1.39E-06	0.22977848
ASV243	0.297394528	0.295787156	0.145156444	0.198903263
ASV160	2.89E-07	1.68E-07	0.188384355	0.00677201
ASV399	0.216742827	0.260873995	0.0923956	0.052305027
ASV650	1.50E-07	0.211764425	0.121945105	0.232110307
ASV763	8.86E-07	1.83E-06	4.57E-07	0.017735091
ASV460	1.82E-06	0.017547882	1.42E-06	0.339915028
ASV638	0.062618273	0.056064861	7.34E-07	1.49E-07
ASV625	0.073140917	0.151969511	0.216097067	1.35E-06
ASV262	3.69E-07	0.096358652	5.04E-07	0.135598891
ASV429	7.75E-07	0.076720042	0.029189583	0.23242275
ASV132	4.00E-07	0.03208168	4.81E-07	0.447485496
ASV25	0.007805628	8.25E-07	8.74E-07	0.211857619
ASV332	1.36E-07	0.252682138	0.070964813	0.155308508
ASV616	0.190671228	1.25E-07	0.113898187	0.192977532
ASV686	0.227840218	0.214221037	0.108135359	1.46E-07
ASV676	0.11912723	3.20E-07	1.31E-07	1.53E-06
ASV783	0.217508784	0.050986727	1.46E-07	1.73E-06
ASV27	0.082886634	0.249804438	0.185845427	0.305921047
ASV53	0.06935593	0.161986541	0.124095018	0.47030663
ASV554	5.77E-07	0.12582518	0.087265281	0.284929726
ASV45	0.234038406	7.07E-07	0.140239785	0.271317597
ASV317	0.09989012	0.015434201	4.47E-07	0.029352554
ASV985	1.96E-07	1.89E-07	0.059771009	2.09E-07
ASV1043	2.01E-07	0.000336119	7.39E-07	0.105761594
ASV190	1.71E-06	0.389499347	8.19E-07	0.125354346
ASV220	7.08E-07	0.221762428	0.110884193	0.122534709
ASV224	3.04E-07	0.498700402	0.080572994	0.157710677
ASV467	1.56E-07	0.275247944	0.171721547	0.251709792
ASV368	0.046800149	0.073734298	0.106172716	0.309882172
ASV602	2.00E-07	1.17E-06	0.286996072	0.291526322
ASV733	0.009849306	4.61E-07	0.217177653	0.197045716
ASV146	3.04E-07	7.44E-07	0.09658029	1.51E-07
ASV85	1.05E-06	0.054507866	0.22378217	0.030746279
ASV348	0.017258719	6.95E-07	0.126993616	0.246624022
ASV232	0.153370773	0.005600713	0.347038206	0.266610794
ASV233	4.58E-07	0.011385507	0.245695526	0.224274847
ASV540	3.04E-07	8.64E-07	0.188844505	0.256614369
ASV386	0.044588579	0.04343371	0.251157753	0.112997068
ASV412	1.53E-07	7.51E-07	0.205558579	0.317782367
ASV483	1.01E-06	0.093501367	0.312081272	1.72E-07
ASV928	0.304864334	0.101526884	1.63E-07	0.042287376
ASV808	0.074583609	0.389561634	0.210059934	0.177376383
ASV523	0.31404534	1.50E-06	1.83E-06	0.002217329
ASV719	0.09512195	0.072557683	3.04E-07	0.332800082
ASV854	0.132941711	0.048023945	0.045933093	0.268183052
ASV447	0.298155182	4.82E-07	1.34E-06	0.187109259
ASV305	0.153046993	0.165922359	3.04E-07	0.288336537
ASV885	0.146089049	0.05595488	1.28E-07	0.182878608
ASV754	0.085410267	0.169948922	3.04E-07	0.131850808
ASV757	0.057250145	0.255717447	1.33E-07	0.123868197
ASV803	0.013521785	0.247888116	1.30E-07	1.79E-07
ASV647	0.270251511	1.70E-07	1.01E-06	0.009173105
ASV297	0.343723817	1.39E-07	1.83E-06	0.154658235
ASV479	9.13E-07	1.49E-07	0.056597117	0.169450583
ASV583	9.69E-07	0.157342918	1.81E-07	0.222981493
ASV549	8.74E-07	0.160358269	1.43E-07	0.109597787
ASV256	0.301028322	0.156421456	7.70E-07	0.115933641
ASV732	9.91E-07	7.97E-07	0.172897064	0.089760526
ASV509	5.37E-07	1.23E-06	0.425335602	0.159453298
ASV487	1.65E-07	0.133751377	0.220354906	0.170953709
ASV592	0.115988545	1.34E-07	0.308170271	0.200252317
ASV404	3.04E-07	1.32E-07	0.026391714	0.21934808
ASV518	0.025426542	0.21428499	1.63E-07	0.165420086
ASV382	1.54E-07	0.011661311	0.306988917	0.193491631
ASV519	0.051457932	0.199296748	0.01513058	0.328964928
ASV411	0.241763059	0.150249773	1.86E-06	0.36228273
ASV599	1.88E-06	0.298208588	0.033215397	0.343282113
ASV424	0.09549181	0.065264571	0.440576239	0.005566977
ASV700	0.050732324	0.001239434	0.183230647	0.236427452
ASV680	1.81E-06	0.056654707	0.205755289	1.88E-06
ASV366	0.07765821	0.193540777	0.022758892	0.180032031
ASV633	1.33E-06	1.28E-07	0.018727972	1.52E-07
ASV476	1.21E-07	0.029329457	0.370482375	0.293745164
ASV152	1.16E-06	0.06843384	0.08924773	1.59E-07
ASV738	0.089797551	0.077111164	0.246803004	1.08E-06
ASV699	1.42E-07	0.268370882	0.251739376	0.06501434
ASV230	1.07E-06	0.605694093	0.305006902	1.36E-06
ASV564	0.084640792	1.44E-07	0.092933481	0.172316838
ASV266	0.047149987	0.037883388	8.10E-07	1.35E-07
ASV812	0.153748468	0.109729158	0.002145255	8.70E-07
ASV231	1.18E-06	0.197183144	0.0658165	0.323805916
ASV151	3.24E-07	0.031318651	0.094513874	0.204159593
ASV891	3.04E-07	0.099099432	1.55E-07	0.135850467
ASV241	1.27E-06	4.08E-07	0.055934949	0.270881575
ASV137	0.219864413	7.50E-07	0.277279523	0.161181143
ASV351	0.418561395	3.04E-07	0.194208231	3.35E-07
ASV353	0.182413744	1.15E-06	0.037651917	1.78E-06
ASV567	1.52E-06	0.229736571	0.313604685	0.243548045
ASV649	3.04E-07	0.144225962	0.008304659	0.22519225
ASV652	1.55E-07	0.098770876	1.36E-07	1.80E-06
ASV506	1.84E-06	1.57E-07	0.160049859	0.087239286
ASV345	8.72E-07	0.072115278	1.40E-07	0.191739072
ASV643	9.76E-07	0.089812022	0.15797289	1.35E-07
ASV594	1.36E-07	0.105752879	0.130801939	0.09423476
ASV296	0.075872963	0.069153311	0.213688637	0.01855444
ASV526	0.06930425	0.189343858	0.097125533	0.072893242
ASV324	0.149932482	0.049464992	0.239807569	0.288061979
ASV208	1.22E-07	3.04E-07	0.24342109	0.116168772
ASV291	0.176195648	0.326160538	0.282083227	0.139189417
ASV347	6.75E-07	8.74E-07	0.147790618	0.087028295
ASV622	0.009124991	9.77E-07	0.251125125	0.362676511
ASV446	8.93E-07	0.205447536	0.363255443	0.135879846
ASV48	0.104607583	0.190622631	0.269511142	0.435048676
ASV328	4.90E-07	6.48E-07	0.243803101	0.323739195
ASV734	0.213781655	1.40E-07	0.006060091	0.058929517
ASV617	1.04E-06	0.044865238	0.311250711	0.270365573
ASV118	0.207398794	0.159972655	0.33706948	0.184674672
ASV488	0.084093697	0.216982477	0.190872476	0.250847437
ASV252	0.042220657	0.192104881	0.286170897	0.157503186
ASV655	0.066806258	0.065608052	0.021960114	0.218592785
ASV899	0.106651411	1.71E-06	0.149906658	1.62E-07
ASV213	1.50E-07	0.17069105	0.122763075	0.237633104
